	count
_wt	25884
var0001	968
var0002	202
var0003	167
var0004	87
var0005	136
var0006	206
var0007	219
var0008	128
var0009	85
var0010	262
var0011	70
var0012	47
var0013	73
var0014	120
var0015	184
var0016	108
var0017	112
var0018	207
var0019	81
var0020	632
var0021	396
var0022	574
var0023	16
var0024	169
var0025	9
var0026	274
var0027	43
var0028	319
var0029	69
var0030	134
var0031	130
var0032	281
var0033	26
var0034	68
var0035	87
var0036	25
var0037	25
var0038	728
var0039	127
var0040	154
var0041	102
var0042	54
var0043	46
var0044	172
var0045	106
var0046	1264
var0047	171
var0048	205
var0049	124
var0050	76
var0051	825
var0052	92
var0053	1321
var0054	636
var0055	888
var0056	38
var0057	202
var0058	38
var0059	131
var0060	206
var0061	1036
var0062	99
var0063	236
var0064	354
var0065	339
var0066	71
var0067	200
var0068	145
var0069	640
var0070	7
var0071	71
var0072	72
var0073	420
var0074	117
var0075	98
var0076	24
var0077	24
var0078	278
var0079	16
var0080	593
var0081	94
var0082	48
var0083	159
var0084	20
var0085	100
var0086	35
var0087	496
var0088	98
var0089	102
var0090	430
var0091	376
var0092	244
var0093	115
var0094	70
var0095	218
var0096	238
var0097	164
var0098	43
var0099	592
var0100	256
var0101	127
var0102	48
var0103	61
var0104	77
var0105	90
var0106	198
var0107	168
var0108	588
var0109	101
var0110	67
var0111	27
var0112	99
var0113	22
var0114	378
var0115	64
var0116	179
var0117	96
var0118	34
var0119	215
var0120	227
var0121	216
var0122	39
var0123	83
var0124	145
var0125	156
var0126	225
var0127	132
var0128	218
var0129	1298
var0130	632
var0131	52
var0132	212
var0133	897
var0134	61
var0135	98
var0136	19
var0137	40
var0138	35
var0139	62
var0140	35
var0141	195
var0142	320
var0143	70
var0144	59
var0145	206
var0146	186
var0147	24
var0148	83
var0149	249
var0150	72
var0151	13
var0152	49
var0153	436
var0154	93
var0155	115
var0156	296
var0157	315
var0158	142
var0159	26
var0160	131
var0161	84
var0162	281
var0163	1026
var0164	340
var0165	149
var0166	581
var0167	206
var0168	24
var0169	110
var0170	188
var0171	203
var0172	145
var0173	565
var0174	49
var0175	18
var0176	8
var0177	111
var0178	71
var0179	227
var0180	33
var0181	363
var0182	335
var0183	518
var0184	71
var0185	72
var0186	760
var0187	46
var0188	214
var0189	85
var0190	791
var0191	129
var0192	164
var0193	35
var0194	175
var0195	18
var0196	255
var0197	66
var0198	39
var0199	73
var0200	202
var0201	368
var0202	129
var0203	367
var0204	85
var0205	40
var0206	282
var0207	482
var0208	194
var0209	90
var0210	341
var0211	244
var0212	150
var0213	292
var0214	121
var0215	107
var0216	103
var0217	108
var0218	31
var0219	743
var0220	49
var0221	195
var0222	107
var0223	56
var0224	156
var0225	168
var0226	44
var0227	61
var0228	90
var0229	29
var0230	31
var0231	36
var0232	58
var0233	15
var0234	40
var0235	136
var0236	60
var0237	177
var0238	1062
var0239	383
var0240	83
var0241	780
var0242	165
var0243	137
var0244	153
var0245	1037
var0246	301
var0247	173
var0248	87
var0249	120
var0250	11
var0251	84
var0252	925
var0253	97
var0254	281
var0255	226
var0256	500
var0257	187
var0258	62
var0259	114
var0260	180
var0261	127
var0262	177
var0263	84
var0264	169
var0265	675
var0266	353
var0267	1605
var0268	37
var0269	62
var0270	69
var0271	182
var0272	167
var0273	426
var0274	81
var0275	301
var0276	39
var0277	49
var0278	59
var0279	147
var0280	149
var0281	249
var0282	257
var0283	99
var0284	213
var0285	90
var0286	243
var0287	67
var0288	859
var0289	129
var0290	315
var0291	102
var0292	153
var0293	87
var0294	582
var0295	44
var0296	384
var0297	60
var0298	205
var0299	209
var0300	165
var0301	2046
var0302	8
var0303	153
var0304	156
var0305	219
var0306	321
var0307	605
var0308	27
var0309	184
var0310	120
var0311	271
var0312	1536
var0313	19
var0314	222
var0315	560
var0316	82
var0317	82
var0318	101
var0319	101
var0320	31
var0321	91
var0322	204
var0323	209
var0324	366
var0325	283
var0326	71
var0327	124
var0328	244
var0329	27
var0330	18
var0331	48
var0332	290
var0333	346
var0334	153
var0335	109
var0336	135
var0337	463
var0338	225
var0339	175
var0340	37
var0341	185
var0342	4
var0343	457
var0344	113
var0345	630
var0346	22
var0347	219
var0348	219
var0349	116
var0350	31
var0351	226
var0352	163
var0353	640
var0354	204
var0355	17
var0356	65
var0357	81
var0358	48
var0359	240
var0360	135
var0361	438
var0362	148
var0363	185
var0364	1078
var0365	51
var0366	110
var0367	7
var0368	175
var0369	31
var0370	128
var0371	38
var0372	614
var0373	271
var0374	32
var0375	70
var0376	18
var0377	78
var0378	46
var0379	96
var0380	77
var0381	62
var0382	175
var0383	195
var0384	76
var0385	304
var0386	83
var0387	59
var0388	69
var0389	138
var0390	87
var0391	234
var0392	53
var0393	63
var0394	187
var0395	22
var0396	131
var0397	33
var0398	79
var0399	52
var0400	18
var0401	112
var0402	70
var0403	39
var0404	22
var0405	51
var0406	108
var0407	79
var0408	293
var0409	62
var0410	134
var0411	378
var0412	1662
var0413	152
var0414	200
var0415	65
var0416	164
var0417	196
var0418	257
var0419	77
var0420	29
var0421	59
var0422	90
var0423	22
var0424	543
var0425	54
var0426	4
var0427	14
var0428	127
var0429	67
var0430	218
var0431	61
var0432	96
var0433	31
var0434	18
var0435	81
var0436	50
var0437	239
var0438	23
var0439	652
var0440	40
var0441	37
var0442	461
var0443	111
var0444	115
var0445	65
var0446	82
var0447	33
var0448	309
var0449	156
var0450	139
var0451	79
var0452	33
var0453	256
var0454	63
var0455	182
var0456	38
var0457	26
var0458	153
var0459	312
var0460	57
var0461	83
var0462	121
var0463	16
var0464	12
var0465	233
var0466	15
var0467	339
var0468	728
var0469	113
var0470	140
var0471	95
var0472	286
var0473	165
var0474	691
var0475	428
var0476	700
var0477	122
var0478	9
var0479	167
var0480	530
var0481	161
var0482	94
var0483	146
var0484	89
var0485	93
var0486	50
var0487	221
var0488	28
var0489	28
var0490	44
var0491	968
var0492	100
var0493	108
var0494	6
var0495	493
var0496	448
var0497	136
var0498	50
var0499	14
var0500	147
var0501	182
var0502	160
var0503	70
var0504	63
var0505	327
var0506	47
var0507	106
var0508	391
var0509	36
var0510	41
var0511	253
var0512	280
var0513	107
var0514	818
var0515	43
var0516	102
var0517	112
var0518	238
var0519	41
var0520	120
var0521	115
var0522	197
var0523	95
var0524	29
var0525	162
var0526	140
var0527	320
var0528	34
var0529	229
var0530	146
var0531	100
var0532	183
var0533	109
var0534	15
var0535	49
var0536	354
var0537	279
var0538	71
var0539	101
var0540	82
var0541	87
var0542	30
var0543	77
var0544	498
var0545	19
var0546	35
var0547	185
var0548	281
var0549	825
var0550	473
var0551	50
var0552	4
var0553	102
var0554	45
var0555	63
var0556	38
var0557	327
var0558	124
var0559	313
var0560	217
var0561	593
var0562	162
var0563	185
var0564	114
var0565	487
var0566	281
var0567	224
var0568	41
var0569	59
var0570	129
var0571	56
var0572	18
var0573	53
var0574	539
var0575	54
var0576	54
var0577	598
var0578	83
var0579	57
var0580	112
var0581	239
var0582	52
var0583	189
var0584	51
var0585	12
var0586	394
var0587	59
var0588	74
var0589	13
var0590	248
var0591	222
var0592	195
var0593	148
var0594	153
var0595	164
var0596	55
var0597	122
var0598	233
var0599	58
var0600	273
var0601	122
var0602	671
var0603	135
var0604	50
var0605	112
var0606	182
var0607	42
var0608	350
var0609	225
var0610	194
var0611	38
var0612	8
var0613	74
var0614	4
var0615	27
var0616	52
var0617	84
var0618	109
var0619	41
var0620	74
var0621	344
var0622	64
var0623	64
var0624	335
var0625	181
var0626	96
var0627	113
var0628	348
var0629	25
var0630	173
var0631	46
var0632	48
var0633	140
var0634	114
var0635	311
var0636	411
var0637	121
var0638	210
var0639	91
var0640	272
var0641	653
var0642	385
var0643	76
var0644	164
var0645	410
var0646	313
var0647	307
var0648	794
var0649	130
var0650	121
var0651	80
var0652	34
var0653	69
var0654	40
var0655	177
var0656	177
var0657	35
var0658	213
var0659	303
var0660	22
var0661	134
var0662	117
var0663	29
var0664	181
var0665	260
var0666	107
var0667	310
var0668	175
var0669	250
var0670	338
var0671	78
var0672	27
var0673	30
var0674	88
var0675	253
var0676	82
var0677	761
var0678	310
var0679	323
var0680	29
var0681	23
var0682	234
var0683	55
var0684	255
var0685	17
var0686	38
var0687	135
var0688	45
var0689	39
var0690	185
var0691	114
var0692	96
var0693	637
var0694	50
var0695	27
var0696	58
var0697	152
var0698	163
var0699	233
var0700	427
var0701	54
var0702	151
var0703	37
var0704	141
var0705	164
var0706	59
var0707	349
var0708	206
var0709	191
var0710	154
var0711	101
var0712	523
var0713	54
var0714	585
var0715	85
var0716	41
var0717	167
var0718	403
var0719	32
var0720	13
var0721	779
var0722	57
var0723	714
var0724	56
var0725	27
var0726	149
var0727	75
var0728	50
var0729	67
var0730	49
var0731	46
var0732	22
var0733	395
var0734	53
var0735	143
var0736	260
var0737	260
var0738	894
var0739	88
var0740	59
var0741	229
var0742	150
var0743	846
var0744	662
var0745	446
var0746	308
var0747	1725
var0748	109
var0749	296
var0750	330
var0751	32
var0752	315
var0753	28
var0754	142
var0755	1133
var0756	152
var0757	17
var0758	73
var0759	61
var0760	74
var0761	24
var0762	139
var0763	50
var0764	37
var0765	19
var0766	18
var0767	230
var0768	24
var0769	49
var0770	82
var0771	1008
var0772	86
var0773	120
var0774	176
var0775	58
var0776	420
var0777	292
var0778	146
var0779	21
var0780	133
var0781	46
var0782	23
var0783	88
var0784	325
var0785	34
var0786	33
var0787	114
var0788	103
var0789	343
var0790	75
var0791	17
var0792	216
var0793	6
var0794	57
var0795	71
var0796	133
var0797	390
var0798	16
var0799	169
var0800	97
var0801	50
var0802	299
var0803	154
var0804	80
var0805	49
var0806	59
var0807	656
var0808	571
var0809	84
var0810	254
var0811	11
var0812	84
var0813	487
var0814	188
var0815	38
var0816	10
var0817	41
var0818	128
var0819	365
var0820	1027
var0821	303
var0822	104
var0823	328
var0824	124
var0825	183
var0826	47
var0827	30
var0828	101
var0829	386
var0830	310
var0831	157
var0832	393
var0833	77
var0834	100
var0835	84
var0836	62
var0837	33
var0838	441
var0839	16
var0840	263
var0841	122
var0842	30
var0843	96
var0844	113
var0845	381
var0846	178
var0847	18
var0848	70
var0849	421
var0850	17
var0851	789
var0852	243
var0853	900
var0854	326
var0855	68
var0856	16
var0857	103
var0858	63
var0859	48
var0860	102
var0861	42
var0862	594
var0863	214
var0864	72
var0865	202
var0866	42
var0867	182
var0868	68
var0869	86
var0870	356
var0871	125
var0872	264
var0873	21
var0874	55
var0875	56
var0876	64
var0877	91
var0878	240
var0879	201
var0880	184
var0881	205
var0882	227
var0883	88
var0884	36
var0885	75
var0886	61
var0887	1305
var0888	197
var0889	176
var0890	86
var0891	29
var0892	74
var0893	51
var0894	53
var0895	387
var0896	440
var0897	180
var0898	83
var0899	56
var0900	106
var0901	21
var0902	91
var0903	513
var0904	1485
var0905	77
var0906	29
var0907	434
var0908	92
var0909	262
var0910	183
var0911	298
var0912	175
var0913	266
var0914	41
var0915	51
var0916	918
var0917	132
var0918	30
var0919	80
var0920	218
var0921	183
var0922	326
var0923	187
var0924	39
var0925	163
var0926	116
var0927	62
var0928	159
var0929	221
var0930	427
var0931	163
var0932	53
var0933	34
var0934	105
var0935	121
var0936	45
var0937	87
var0938	222
var0939	95
var0940	217
var0941	386
var0942	83
var0943	343
var0944	150
var0945	230
var0946	16
var0947	73
var0948	42
var0949	644
var0950	109
var0951	18
var0952	235
var0953	119
var0954	49
var0955	12
var0956	161
var0957	16
var0958	57
var0959	76
var0960	461
var0961	51
var0962	100
var0963	153
var0964	118
var0965	15
var0966	569
var0967	107
var0968	37
var0969	104
var0970	616
var0971	101
var0972	189
var0973	244
var0974	116
var0975	62
var0976	588
var0977	65
var0978	88
var0979	13
var0980	52
var0981	192
var0982	420
var0983	230
var0984	63
var0985	62
var0986	103
var0987	64
var0988	487
var0989	163
var0990	205
var0991	14
var0992	143
var0993	32
var0994	94
var0995	338
var0996	67
var0997	116
var0998	114
var0999	254
var1000	145
var1001	246
var1002	193
var1003	756
var1004	26
var1005	178
var1006	21
var1007	99
var1008	1405
var1009	192
var1010	501
var1011	51
var1012	63
var1013	42
var1014	423
var1015	76
var1016	789
var1017	98
var1018	23
var1019	130
var1020	167
var1021	14
var1022	87
var1023	1254
var1024	32
var1025	192
var1026	144
var1027	5
var1028	602
var1029	43
var1030	121
var1031	119
var1032	13
var1033	29
var1034	46
var1035	121
var1036	125
var1037	77
var1038	52
var1039	39
var1040	286
var1041	132
var1042	45
var1043	348
var1044	166
var1045	227
var1046	94
var1047	48
var1048	197
var1049	39
var1050	342
var1051	43
var1052	65
var1053	900
var1054	148
var1055	306
var1056	32
var1057	66
var1058	46
var1059	89
var1060	1063
var1061	38
var1062	68
var1063	230
var1064	250
var1065	8
var1066	134
var1067	344
var1068	454
var1069	36
var1070	1947
var1071	73
var1072	113
var1073	333
var1074	49
var1075	91
var1076	340
var1077	210
var1078	406
var1079	219
var1080	42
var1081	131
var1082	28
var1083	127
var1084	221
var1085	249
var1086	986
var1087	330
var1088	88
var1089	86
var1090	92
var1091	213
var1092	26
var1093	332
var1094	369
var1095	244
var1096	377
var1097	21
var1098	106
var1099	60
var1100	489
var1101	67
var1102	64
var1103	56
var1104	60
var1105	49
var1106	175
var1107	31
var1108	9
var1109	181
var1110	98
var1111	112
var1112	176
var1113	73
var1114	127
var1115	245
var1116	185
var1117	270
var1118	259
var1119	43
var1120	110
var1121	358
var1122	280
var1123	725
var1124	139
var1125	423
var1126	312
var1127	172
var1128	84
var1129	67
var1130	2467
var1131	112
var1132	166
var1133	466
var1134	164
var1135	224
var1136	157
var1137	39
var1138	43
var1139	338
var1140	70
var1141	99
var1142	320
var1143	89
var1144	149
var1145	134
var1146	329
var1147	140
var1148	31
var1149	117
var1150	190
var1151	750
var1152	115
var1153	76
var1154	203
var1155	87
var1156	78
var1157	273
var1158	104
var1159	109
var1160	625
var1161	35
var1162	30
var1163	52
var1164	78
var1165	214
var1166	52
var1167	34
var1168	74
var1169	177
var1170	18
var1171	186
var1172	56
var1173	353
var1174	88
var1175	161
var1176	127
var1177	24
var1178	50
var1179	504
var1180	53
var1181	139
var1182	128
var1183	109
var1184	113
var1185	188
var1186	105
var1187	541
var1188	892
var1189	133
var1190	69
var1191	12
var1192	87
var1193	65
var1194	105
var1195	107
var1196	242
var1197	124
var1198	791
var1199	172
var1200	107
var1201	78
var1202	9
var1203	116
var1204	255
var1205	25
var1206	64
var1207	335
var1208	206
var1209	58
var1210	29
var1211	44
var1212	209
var1213	98
var1214	94
var1215	119
var1216	93
var1217	71
var1218	171
var1219	115
var1220	23
var1221	145
var1222	31
var1223	376
var1224	2026
var1225	335
var1226	116
var1227	27
var1228	108
var1229	21
var1230	611
var1231	39
var1232	79
var1233	553
var1234	43
var1235	207
var1236	356
var1237	13
var1238	95
var1239	180
var1240	4
var1241	538
var1242	396
var1243	226
var1244	165
var1245	445
var1246	134
var1247	60
var1248	135
var1249	139
var1250	1
var1251	74
var1252	101
var1253	58
var1254	332
var1255	132
var1256	278
var1257	76
var1258	656
var1259	2646
var1260	180
var1261	19
var1262	177
var1263	221
var1264	158
var1265	208
var1266	237
var1267	47
var1268	705
var1269	1710
var1270	189
var1271	284
var1272	69
var1273	314
var1274	29
var1275	36
var1276	40
var1277	252
var1278	1320
var1279	100
var1280	109
var1281	75
var1282	274
var1283	158
var1284	288
var1285	273
var1286	153
var1287	48
var1288	153
var1289	383
var1290	56
var1291	354
var1292	551
var1293	12
var1294	61
var1295	837
var1296	78
var1297	26
var1298	98
var1299	26
var1300	245
var1301	41
var1302	43
var1303	56
var1304	185
var1305	53
var1306	1105
var1307	54
var1308	498
var1309	67
var1310	1024
var1311	91
var1312	134
var1313	95
var1314	36
var1315	145
var1316	58
var1317	174
var1318	626
var1319	19
var1320	1021
var1321	141
var1322	359
var1323	163
var1324	212
var1325	112
var1326	147
var1327	55
var1328	127
var1329	448
var1330	185
var1331	60
var1332	290
var1333	57
var1334	192
var1335	145
var1336	34
var1337	285
var1338	396
var1339	67
var1340	53
var1341	193
var1342	87
var1343	46
var1344	297
var1345	21
var1346	245
var1347	356
var1348	193
var1349	82
var1350	469
var1351	31
var1352	144
var1353	4
var1354	192
var1355	328
var1356	70
var1357	94
var1358	282
var1359	195
var1360	82
var1361	2139
var1362	26
var1363	178
var1364	212
var1365	929
var1366	219
var1367	1323
var1368	267
var1369	293
var1370	23
var1371	47
var1372	90
var1373	18
var1374	46
var1375	80
var1376	263
var1377	78
var1378	212
var1379	150
var1380	160
var1381	39
var1382	319
var1383	59
var1384	168
var1385	509
var1386	32
var1387	11
var1388	1015
var1389	46
var1390	332
var1391	31
var1392	375
var1393	403
var1394	176
var1395	23
var1396	72
var1397	177
var1398	113
var1399	41
var1400	44
var1401	42
var1402	39
var1403	54
var1404	58
var1405	500
var1406	52
var1407	512
var1408	198
var1409	96
var1410	24
var1411	230
var1412	285
var1413	93
var1414	40
var1415	81
var1416	287
var1417	81
var1418	232
var1419	30
var1420	136
var1421	91
var1422	58
var1423	468
var1424	194
var1425	321
var1426	14
var1427	248
var1428	1112
var1429	209
var1430	413
var1431	327
var1432	178
var1433	233
var1434	211
var1435	119
var1436	282
var1437	198
var1438	114
var1439	813
var1440	171
var1441	225
var1442	222
var1443	79
var1444	168
var1445	35
var1446	164
var1447	139
var1448	23
var1449	54
var1450	162
var1451	53
var1452	126
var1453	220
var1454	589
var1455	42
var1456	85
var1457	96
var1458	21
var1459	66
var1460	83
var1461	232
var1462	250
var1463	42
var1464	173
var1465	127
var1466	101
var1467	168
var1468	18
var1469	245
var1470	62
var1471	172
var1472	125
var1473	143
var1474	52
var1475	370
var1476	200
var1477	246
var1478	63
var1479	21
var1480	33
var1481	30
var1482	30
var1483	20
var1484	190
var1485	244
var1486	223
var1487	23
var1488	83
var1489	254
var1490	339
var1491	170
var1492	847
var1493	95
var1494	94
var1495	134
var1496	9
var1497	451
var1498	145
var1499	58
var1500	166
var1501	230
var1502	91
var1503	83
var1504	191
var1505	29
var1506	92
var1507	41
var1508	13
var1509	59
var1510	119
var1511	283
var1512	25
var1513	82
var1514	27
var1515	188
var1516	37
var1517	287
var1518	814
var1519	472
var1520	125
var1521	46
var1522	22
var1523	179
var1524	53
var1525	243
var1526	497
var1527	67
var1528	5
var1529	219
var1530	83
var1531	207
var1532	253
var1533	46
var1534	569
var1535	453
var1536	100
var1537	30
var1538	209
var1539	224
var1540	72
var1541	61
var1542	36
var1543	241
var1544	235
var1545	267
var1546	199
var1547	654
var1548	93
var1549	135
var1550	42
var1551	90
var1552	498
var1553	96
var1554	114
var1555	95
var1556	180
var1557	41
var1558	128
var1559	96
var1560	215
var1561	78
var1562	553
var1563	119
var1564	1
var1565	64
var1566	33
var1567	65
var1568	45
var1569	239
var1570	343
var1571	47
var1572	240
var1573	573
var1574	152
var1575	98
var1576	68
var1577	40
var1578	67
var1579	81
var1580	137
var1581	68
var1582	151
var1583	213
var1584	288
var1585	92
var1586	298
var1587	388
var1588	281
var1589	547
var1590	980
var1591	274
var1592	45
var1593	23
var1594	62
var1595	127
var1596	164
var1597	137
var1598	147
var1599	171
var1600	132
var1601	51
var1602	264
var1603	250
var1604	162
var1605	301
var1606	148
var1607	80
var1608	13
var1609	167
var1610	49
var1611	238
var1612	42
var1613	55
var1614	178
var1615	130
var1616	27
var1617	27
var1618	149
var1619	8
var1620	153
var1621	43
var1622	40
var1623	566
var1624	88
var1625	108
var1626	116
var1627	598
var1628	72
var1629	129
var1630	186
var1631	913
var1632	85
var1633	102
var1634	83
var1635	142
var1636	324
var1637	30
var1638	115
var1639	286
var1640	28
var1641	313
var1642	5
var1643	88
var1644	289
var1645	146
var1646	108
var1647	80
var1648	58
var1649	143
var1650	407
var1651	126
var1652	27
var1653	1076
var1654	45
var1655	12
var1656	21
var1657	146
var1658	49
var1659	260
var1660	105
var1661	328
var1662	182
var1663	63
var1664	35
var1665	31
var1666	173
var1667	337
var1668	24
var1669	142
var1670	269
var1671	108
var1672	139
var1673	37
var1674	32
var1675	798
var1676	359
var1677	48
var1678	8
var1679	119
var1680	176
var1681	42
var1682	147
var1683	15
var1684	42
var1685	7
var1686	399
var1687	100
var1688	44
var1689	1428
var1690	244
var1691	265
var1692	85
var1693	42
var1694	136
var1695	25
var1696	176
var1697	78
var1698	245
var1699	179
var1700	101
var1701	64
var1702	81
var1703	121
var1704	115
var1705	77
var1706	278
var1707	87
var1708	315
var1709	523
var1710	262
var1711	85
var1712	82
var1713	43
var1714	76
var1715	150
var1716	103
var1717	67
var1718	49
var1719	605
var1720	1009
var1721	252
var1722	13
var1723	80
var1724	24
var1725	101
var1726	32
var1727	28
var1728	205
var1729	110
var1730	109
var1731	67
var1732	302
var1733	43
var1734	10
var1735	71
var1736	276
var1737	116
var1738	302
var1739	25
var1740	25
var1741	637
var1742	192
var1743	31
var1744	267
var1745	117
var1746	1
var1747	153
var1748	138
var1749	116
var1750	87
var1751	106
var1752	242
var1753	989
var1754	72
var1755	231
var1756	168
var1757	22
var1758	93
var1759	177
var1760	444
var1761	24
var1762	313
var1763	183
var1764	7
var1765	231
var1766	10
var1767	5
var1768	205
var1769	208
var1770	40
var1771	104
var1772	364
var1773	28
var1774	333
var1775	49
var1776	1496
var1777	6
var1778	219
var1779	36
var1780	272
var1781	26
var1782	414
var1783	172
var1784	51
var1785	40
var1786	130
var1787	93
var1788	149
var1789	73
var1790	59
var1791	582
var1792	35
var1793	153
var1794	85
var1795	196
var1796	566
var1797	46
var1798	168
var1799	80
var1800	65
var1801	220
var1802	192
var1803	158
var1804	504
var1805	104
var1806	390
var1807	8
var1808	36
var1809	300
var1810	818
var1811	42
var1812	58
var1813	83
var1814	599
var1815	450
var1816	63
var1817	73
var1818	58
var1819	45
var1820	323
var1821	36
var1822	313
var1823	126
var1824	34
var1825	172
var1826	59
var1827	37
var1828	119
var1829	162
var1830	440
var1831	354
var1832	206
var1833	103
var1834	360
var1835	38
var1836	181
var1837	27
var1838	123
var1839	96
var1840	856
var1841	12
var1842	100
var1843	54
var1844	39
var1845	60
var1846	129
var1847	120
var1848	111
var1849	146
var1850	147
var1851	106
var1852	70
var1853	608
var1854	41
var1855	324
var1856	81
var1857	118
var1858	43
var1859	228
var1860	292
var1861	19
var1862	7
var1863	178
var1864	92
var1865	129
var1866	876
var1867	132
var1868	72
var1869	768
var1870	38
var1871	303
var1872	39
var1873	422
var1874	348
var1875	245
var1876	40
var1877	408
var1878	165
var1879	16
var1880	82
var1881	35
var1882	20
var1883	168
var1884	89
var1885	26
var1886	51
var1887	547
var1888	82
var1889	175
var1890	122
var1891	37
var1892	132
var1893	9
var1894	83
var1895	10
var1896	31
var1897	544
var1898	1313
var1899	348
var1900	83
var1901	64
var1902	226
var1903	432
var1904	34
var1905	22
var1906	190
var1907	109
var1908	47
var1909	282
var1910	71
var1911	284
var1912	429
var1913	671
var1914	70
var1915	302
var1916	52
var1917	70
var1918	35
var1919	6
var1920	152
var1921	98
var1922	207
var1923	29
var1924	16
var1925	93
var1926	133
var1927	63
var1928	120
var1929	558
var1930	66
var1931	19
var1932	64
var1933	61
var1934	5
var1935	304
var1936	96
var1937	18
var1938	65
var1939	32
var1940	187
var1941	97
var1942	97
var1943	306
var1944	37
var1945	44
var1946	37
var1947	51
var1948	2538
var1949	57
var1950	46
var1951	83
var1952	88
var1953	49
var1954	3
var1955	24
var1956	27
var1957	32
var1958	31
var1959	117
var1960	42
var1961	34
var1962	360
var1963	109
var1964	292
var1965	95
var1966	27
var1967	163
var1968	90
var1969	126
var1970	261
var1971	136
var1972	11
var1973	91
var1974	28
var1975	205
var1976	436
var1977	12
var1978	92
var1979	119
var1980	39
var1981	92
var1982	183
var1983	108
var1984	20
var1985	466
var1986	55
var1987	406
var1988	14
var1989	202
var1990	127
var1991	30
var1992	74
var1993	88
var1994	301
var1995	30
var1996	80
var1997	20
var1998	170
var1999	58
var2000	423
var2001	549
var2002	57
var2003	151
var2004	102
var2005	77
var2006	200
var2007	51
var2008	149
var2009	25
var2010	75
var2011	184
var2012	128
var2013	17
var2014	52
var2015	166
var2016	847
var2017	117
var2018	46
var2019	803
var2020	18
var2021	186
var2022	64
var2023	875
var2024	525
var2025	183
var2026	22
var2027	105
var2028	649
var2029	294
var2030	159
var2031	59
var2032	35
var2033	37
var2034	65
var2035	150
var2036	85
var2037	65
var2038	706
var2039	20
var2040	170
var2041	42
var2042	168
var2043	140
var2044	165
var2045	160
var2046	219
var2047	190
var2048	125
var2049	26
var2050	43
var2051	116
var2052	77
var2053	56
var2054	102
var2055	69
var2056	127
var2057	80
var2058	59
var2059	90
var2060	225
var2061	66
var2062	76
var2063	102
var2064	254
var2065	138
var2066	17
var2067	519
var2068	275
var2069	1216
var2070	54
var2071	139
var2072	24
var2073	175
var2074	66
var2075	124
var2076	24
var2077	228
var2078	159
var2079	101
var2080	48
var2081	18
var2082	62
var2083	284
var2084	222
var2085	21
var2086	326
var2087	28
var2088	154
var2089	613
var2090	97
var2091	50
var2092	203
var2093	627
var2094	247
var2095	131
var2096	148
var2097	382
var2098	101
var2099	688
var2100	22
var2101	100
var2102	590
var2103	326
var2104	84
var2105	498
var2106	75
var2107	38
var2108	92
var2109	87
var2110	99
var2111	156
var2112	62
var2113	156
var2114	254
var2115	42
var2116	662
var2117	167
var2118	196
var2119	323
var2120	512
var2121	90
var2122	146
var2123	70
var2124	44
var2125	285
var2126	263
var2127	173
var2128	411
var2129	467
var2130	11
var2131	133
var2132	184
var2133	151
var2134	197
var2135	95
var2136	21
var2137	33
var2138	16
var2139	13
var2140	92
var2141	190
var2142	92
var2143	178
var2144	160
var2145	281
var2146	4
var2147	239
var2148	107
var2149	619
var2150	196
var2151	183
var2152	119
var2153	492
var2154	51
var2155	57
var2156	288
var2157	208
var2158	146
var2159	196
var2160	14
var2161	46
var2162	92
var2163	85
var2164	66
var2165	426
var2166	142
var2167	10
var2168	525
var2169	63
var2170	61
var2171	171
var2172	40
var2173	45
var2174	22
var2175	76
var2176	22
var2177	106
var2178	82
var2179	72
var2180	55
var2181	27
var2182	137
var2183	21
var2184	32
var2185	170
var2186	119
var2187	99
var2188	22
var2189	190
var2190	115
var2191	92
var2192	1194
var2193	218
var2194	155
var2195	108
var2196	531
var2197	446
var2198	72
var2199	104
var2200	297
var2201	360
var2202	126
var2203	138
var2204	32
var2205	520
var2206	292
var2207	569
var2208	337
var2209	758
var2210	306
var2211	115
var2212	49
var2213	64
var2214	60
var2215	162
var2216	121
var2217	29
var2218	32
var2219	37
var2220	58
var2221	118
var2222	70
var2223	20
var2224	129
var2225	17
var2226	522
var2227	193
var2228	59
var2229	47
var2230	766
var2231	57
var2232	50
var2233	29
var2234	204
var2235	70
var2236	368
var2237	181
var2238	223
var2239	22
var2240	130
var2241	17
var2242	56
var2243	279
var2244	178
var2245	29
var2246	125
var2247	451
var2248	93
var2249	161
var2250	836
var2251	21
var2252	164
var2253	19
var2254	9
var2255	31
var2256	22
var2257	129
var2258	201
var2259	134
var2260	491
var2261	942
var2262	493
var2263	28
var2264	771
var2265	66
var2266	228
var2267	23
var2268	11
var2269	584
var2270	224
var2271	591
var2272	385
var2273	63
var2274	261
var2275	191
var2276	55
var2277	177
var2278	41
var2279	67
var2280	295
var2281	49
var2282	132
var2283	32
var2284	215
var2285	95
var2286	255
var2287	654
var2288	55
var2289	49
var2290	411
var2291	259
var2292	49
var2293	273
var2294	250
var2295	83
var2296	1583
var2297	617
var2298	67
var2299	416
var2300	190
var2301	41
var2302	44
var2303	100
var2304	233
var2305	662
var2306	376
var2307	85
var2308	150
var2309	97
var2310	72
var2311	70
var2312	94
var2313	319
var2314	84
var2315	116
var2316	48
var2317	188
var2318	412
var2319	77
var2320	251
var2321	81
var2322	386
var2323	54
var2324	13
var2325	223
var2326	252
var2327	51
var2328	147
var2329	155
var2330	58
var2331	270
var2332	9
var2333	23
var2334	106
var2335	35
var2336	294
var2337	131
var2338	75
var2339	121
var2340	98
var2341	130
var2342	37
var2343	264
var2344	174
var2345	368
var2346	41
var2347	84
var2348	61
var2349	751
var2350	121
var2351	121
var2352	261
var2353	135
var2354	368
var2355	124
var2356	21
var2357	36
var2358	199
var2359	143
var2360	183
var2361	91
var2362	457
var2363	537
var2364	335
var2365	16
var2366	15
var2367	165
var2368	68
var2369	36
var2370	88
var2371	64
var2372	333
var2373	49
var2374	91
var2375	41
var2376	40
var2377	170
var2378	414
var2379	29
var2380	68
var2381	233
var2382	98
var2383	24
var2384	275
var2385	48
var2386	30
var2387	725
var2388	43
var2389	151
var2390	131
var2391	97
var2392	327
var2393	59
var2394	136
var2395	383
var2396	32
var2397	184
var2398	62
var2399	98
var2400	15
var2401	333
var2402	112
var2403	461
var2404	287
var2405	15
var2406	44
var2407	130
var2408	71
var2409	175
var2410	125
var2411	109
var2412	247
var2413	571
var2414	104
var2415	944
var2416	580
var2417	476
var2418	238
var2419	40
var2420	251
var2421	58
var2422	117
var2423	213
var2424	77
var2425	147
var2426	441
var2427	522
var2428	76
var2429	70
var2430	61
var2431	628
var2432	571
var2433	90
var2434	442
var2435	1178
var2436	110
var2437	8
var2438	873
var2439	554
var2440	264
var2441	761
var2442	20
var2443	14
var2444	93
var2445	160
var2446	141
var2447	22
var2448	190
var2449	60
var2450	293
var2451	280
var2452	233
var2453	185
var2454	22
var2455	54
var2456	134
var2457	105
var2458	284
var2459	5
var2460	42
var2461	73
var2462	166
var2463	202
var2464	24
var2465	45
var2466	129
var2467	40
var2468	293
var2469	63
var2470	55
var2471	102
var2472	211
var2473	104
var2474	46
var2475	72
var2476	296
var2477	128
var2478	132
var2479	175
var2480	150
var2481	396
var2482	166
var2483	131
var2484	117
var2485	209
var2486	193
var2487	358
var2488	158
var2489	53
var2490	368
var2491	460
var2492	148
var2493	65
var2494	56
var2495	226
var2496	669
var2497	471
var2498	291
var2499	303
var2500	69
var2501	109
var2502	273
var2503	122
var2504	139
var2505	47
var2506	343
var2507	232
var2508	56
var2509	54
var2510	230
var2511	11
var2512	30
var2513	149
var2514	77
var2515	72
var2516	142
var2517	36
var2518	670
var2519	126
var2520	203
var2521	176
var2522	15
var2523	80
var2524	112
var2525	26
var2526	83
var2527	85
var2528	74
var2529	38
var2530	449
var2531	912
var2532	40
var2533	150
var2534	205
var2535	44
var2536	4
var2537	182
var2538	200
var2539	316
var2540	55
var2541	35
var2542	612
var2543	96
var2544	496
var2545	51
var2546	95
var2547	6
var2548	807
var2549	269
var2550	865
var2551	88
var2552	18
var2553	195
var2554	87
var2555	193
var2556	37
var2557	56
var2558	388
var2559	164
var2560	214
var2561	130
var2562	371
var2563	459
var2564	681
var2565	512
var2566	134
var2567	130
var2568	554
var2569	74
var2570	69
var2571	48
var2572	1106
var2573	136
var2574	54
var2575	68
var2576	622
var2577	9
var2578	233
var2579	74
var2580	581
var2581	705
var2582	1012
var2583	45
var2584	115
var2585	32
var2586	77
var2587	199
var2588	391
var2589	120
var2590	151
var2591	194
var2592	109
var2593	311
var2594	8
var2595	162
var2596	34
var2597	16
var2598	180
var2599	153
var2600	118
var2601	214
var2602	43
var2603	87
var2604	32
var2605	287
var2606	10
var2607	28
var2608	14
var2609	131
var2610	147
var2611	101
var2612	104
var2613	156
var2614	85
var2615	240
var2616	43
var2617	371
var2618	24
var2619	29
var2620	72
var2621	48
var2622	43
var2623	171
var2624	93
var2625	44
var2626	44
var2627	66
var2628	238
var2629	11
var2630	214
var2631	114
var2632	104
var2633	87
var2634	273
var2635	41
var2636	165
var2637	498
var2638	15
var2639	42
var2640	587
var2641	67
var2642	97
var2643	19
var2644	216
var2645	733
var2646	100
var2647	136
var2648	164
var2649	71
var2650	73
var2651	460
var2652	293
var2653	259
var2654	220
var2655	390
var2656	303
var2657	115
var2658	305
var2659	133
var2660	152
var2661	116
var2662	792
var2663	63
var2664	158
var2665	218
var2666	55
var2667	567
var2668	213
var2669	67
var2670	288
var2671	184
var2672	111
var2673	108
var2674	123
var2675	58
var2676	90
var2677	399
var2678	23
var2679	375
var2680	118
var2681	76
var2682	174
var2683	99
var2684	24
var2685	135
var2686	191
var2687	99
var2688	85
var2689	439
var2690	52
var2691	136
var2692	84
var2693	48
var2694	410
var2695	73
var2696	24
var2697	303
var2698	764
var2699	55
var2700	181
var2701	227
var2702	70
var2703	275
var2704	41
var2705	277
var2706	551
var2707	42
var2708	85
var2709	47
var2710	398
var2711	103
var2712	14
var2713	309
var2714	319
var2715	117
var2716	163
var2717	330
var2718	199
var2719	145
var2720	163
var2721	210
var2722	170
var2723	299
var2724	88
var2725	167
var2726	23
var2727	70
var2728	137
var2729	122
var2730	24
var2731	38
var2732	470
var2733	470
var2734	202
var2735	68
var2736	2128
var2737	87
var2738	111
var2739	642
var2740	249
var2741	21
var2742	102
var2743	91
var2744	147
var2745	171
var2746	43
var2747	166
var2748	121
var2749	45
var2750	248
var2751	72
var2752	160
var2753	69
var2754	152
var2755	20
var2756	163
var2757	122
var2758	335
var2759	67
var2760	162
var2761	136
var2762	35
var2763	35
var2764	359
var2765	268
var2766	148
var2767	101
var2768	83
var2769	175
var2770	213
var2771	34
var2772	53
var2773	119
var2774	55
var2775	49
var2776	556
var2777	102
var2778	33
var2779	143
var2780	95
var2781	346
var2782	41
var2783	155
var2784	178
var2785	15
var2786	157
var2787	205
var2788	74
var2789	268
var2790	166
var2791	121
var2792	94
var2793	103
var2794	49
var2795	150
var2796	505
var2797	181
var2798	65
var2799	300
var2800	288
var2801	90
var2802	462
var2803	151
var2804	155
var2805	426
var2806	85
var2807	104
var2808	229
var2809	285
var2810	508
var2811	355
var2812	134
var2813	116
var2814	69
var2815	118
var2816	495
var2817	430
var2818	68
var2819	159
var2820	349
var2821	66
var2822	145
var2823	190
var2824	9
var2825	363
var2826	166
var2827	175
var2828	77
var2829	743
var2830	382
var2831	37
var2832	397
var2833	58
var2834	450
var2835	44
var2836	57
var2837	144
var2838	164
var2839	216
var2840	51
var2841	22
var2842	250
var2843	26
var2844	117
var2845	96
var2846	423
var2847	35
var2848	131
var2849	830
var2850	431
var2851	199
var2852	118
var2853	47
var2854	386
var2855	114
var2856	447
var2857	135
var2858	212
var2859	138
var2860	79
var2861	31
var2862	149
var2863	585
var2864	95
var2865	99
var2866	53
var2867	52
var2868	48
var2869	227
var2870	59
var2871	592
var2872	283
var2873	110
var2874	23
var2875	38
var2876	115
var2877	127
var2878	50
var2879	131
var2880	636
var2881	12
var2882	302
var2883	55
var2884	602
var2885	282
var2886	28
var2887	319
var2888	266
var2889	92
var2890	88
var2891	71
var2892	31
var2893	225
var2894	82
var2895	56
var2896	1005
var2897	141
var2898	114
var2899	12
var2900	14
var2901	311
var2902	45
var2903	2011
var2904	67
var2905	273
var2906	678
var2907	112
var2908	288
var2909	424
var2910	66
var2911	317
var2912	196
var2913	49
var2914	180
var2915	318
var2916	24
var2917	724
var2918	217
var2919	167
var2920	75
var2921	150
var2922	116
var2923	470
var2924	326
var2925	132
var2926	34
var2927	159
var2928	31
var2929	264
var2930	1680
var2931	138
var2932	48
var2933	494
var2934	102
var2935	106
var2936	82
var2937	166
var2938	758
var2939	160
var2940	58
var2941	10
var2942	230
var2943	84
var2944	54
var2945	149
var2946	156
var2947	130
var2948	19
var2949	449
var2950	98
var2951	29
var2952	51
var2953	23
var2954	11
var2955	97
var2956	134
var2957	445
var2958	86
var2959	151
var2960	107
var2961	64
var2962	13
var2963	118
var2964	137
var2965	765
var2966	395
var2967	1082
var2968	111
var2969	82
var2970	249
var2971	248
var2972	99
var2973	118
var2974	380
var2975	402
var2976	89
var2977	194
var2978	212
var2979	274
var2980	209
var2981	508
var2982	52
var2983	61
var2984	846
var2985	88
var2986	84
var2987	330
var2988	55
var2989	264
var2990	64
var2991	690
var2992	47
var2993	482
var2994	809
var2995	65
var2996	205
var2997	17
var2998	40
var2999	130
var3000	169
var3001	893
var3002	37
var3003	109
var3004	286
var3005	71
var3006	148
var3007	53
var3008	89
var3009	85
var3010	128
var3011	298
var3012	87
var3013	175
var3014	119
var3015	199
var3016	324
var3017	82
var3018	464
var3019	112
var3020	56
var3021	34
var3022	349
var3023	33
var3024	173
var3025	178
var3026	99
var3027	69
var3028	162
var3029	335
var3030	23
var3031	147
var3032	50
var3033	48
var3034	208
var3035	29
var3036	284
var3037	65
var3038	148
var3039	21
var3040	13
var3041	31
var3042	693
var3043	39
var3044	161
var3045	40
var3046	180
var3047	155
var3048	20
var3049	63
var3050	105
var3051	11
var3052	116
var3053	266
var3054	11
var3055	107
var3056	400
var3057	14
var3058	33
var3059	63
var3060	81
var3061	1606
var3062	64
var3063	70
var3064	128
var3065	334
var3066	113
var3067	77
var3068	163
var3069	198
var3070	275
var3071	284
var3072	15
var3073	36
var3074	40
var3075	171
var3076	72
var3077	32
var3078	250
var3079	269
var3080	95
var3081	123
var3082	38
var3083	209
var3084	244
var3085	81
var3086	96
var3087	418
var3088	116
var3089	376
var3090	29
var3091	566
var3092	193
var3093	173
var3094	105
var3095	407
var3096	261
var3097	178
var3098	64
var3099	63
var3100	507
var3101	136
var3102	136
var3103	116
var3104	99
var3105	111
var3106	33
var3107	335
var3108	106
var3109	95
var3110	10
var3111	245
var3112	3
var3113	187
var3114	258
var3115	64
var3116	14
var3117	325
var3118	44
var3119	79
var3120	67
var3121	63
var3122	402
var3123	171
var3124	30
var3125	256
var3126	129
var3127	40
var3128	84
var3129	137
var3130	279
var3131	316
var3132	68
var3133	255
var3134	17
var3135	195
var3136	813
var3137	9
var3138	153
var3139	184
var3140	52
var3141	185
var3142	23
var3143	30
var3144	77
var3145	154
var3146	1081
var3147	196
var3148	483
var3149	995
var3150	108
var3151	555
var3152	226
var3153	51
var3154	214
var3155	235
var3156	128
var3157	125
var3158	8
var3159	85
var3160	152
var3161	76
var3162	488
var3163	219
var3164	159
var3165	281
var3166	299
var3167	265
var3168	63
var3169	512
var3170	36
var3171	397
var3172	96
var3173	48
var3174	161
var3175	135
var3176	203
var3177	525
var3178	922
var3179	73
var3180	190
var3181	241
var3182	276
var3183	81
var3184	169
var3185	301
var3186	168
var3187	358
var3188	226
var3189	137
var3190	141
var3191	360
var3192	190
var3193	294
var3194	12
var3195	20
var3196	45
var3197	49
var3198	368
var3199	524
var3200	42
var3201	133
var3202	852
var3203	561
var3204	13
var3205	202
var3206	80
var3207	35
var3208	207
var3209	132
var3210	77
var3211	324
var3212	33
var3213	73
var3214	14
var3215	82
var3216	13
var3217	123
var3218	8
var3219	47
var3220	211
var3221	90
var3222	121
var3223	148
var3224	640
var3225	57
var3226	27
var3227	33
var3228	170
var3229	35
var3230	134
var3231	609
var3232	46
var3233	7
var3234	111
var3235	349
var3236	43
var3237	46
var3238	181
var3239	87
var3240	153
var3241	114
var3242	214
var3243	119
var3244	792
var3245	86
var3246	272
var3247	33
var3248	124
var3249	219
var3250	132
var3251	300
var3252	97
var3253	53
var3254	261
var3255	433
var3256	406
var3257	180
var3258	220
var3259	269
var3260	20
var3261	159
var3262	243
var3263	148
var3264	321
var3265	434
var3266	82
var3267	225
var3268	234
var3269	429
var3270	72
var3271	50
var3272	138
var3273	96
var3274	446
var3275	221
var3276	489
var3277	205
var3278	70
var3279	140
var3280	132
var3281	109
var3282	29
var3283	47
var3284	103
var3285	526
var3286	63
var3287	89
var3288	140
var3289	63
var3290	72
var3291	185
var3292	124
var3293	427
var3294	70
var3295	151
var3296	44
var3297	178
var3298	146
var3299	102
var3300	53
var3301	502
var3302	200
var3303	64
var3304	25
var3305	72
var3306	100
var3307	307
var3308	105
var3309	499
var3310	111
var3311	55
var3312	39
var3313	195
var3314	106
var3315	215
var3316	953
var3317	39
var3318	52
var3319	123
var3320	37
var3321	22
var3322	185
var3323	1811
var3324	196
var3325	83
var3326	209
var3327	1018
var3328	67
var3329	157
var3330	227
var3331	59
var3332	82
var3333	41
var3334	17
var3335	300
var3336	214
var3337	271
var3338	72
var3339	201
var3340	277
var3341	165
var3342	114
var3343	224
var3344	152
var3345	371
var3346	140
var3347	163
var3348	304
var3349	20
var3350	35
var3351	436
var3352	106
var3353	532
var3354	70
var3355	186
var3356	232
var3357	154
var3358	432
var3359	32
var3360	701
var3361	335
var3362	221
var3363	152
var3364	38
var3365	375
var3366	26
var3367	199
var3368	219
var3369	34
var3370	179
var3371	547
var3372	173
var3373	74
var3374	135
var3375	2377
var3376	58
var3377	197
var3378	364
var3379	78
var3380	358
var3381	19
var3382	58
var3383	213
var3384	1370
var3385	237
var3386	22
var3387	26
var3388	260
var3389	75
var3390	308
var3391	611
var3392	124
var3393	66
var3394	255
var3395	306
var3396	35
var3397	683
var3398	143
var3399	528
var3400	39
var3401	105
var3402	83
var3403	173
var3404	385
var3405	154
var3406	286
var3407	62
var3408	242
var3409	237
var3410	145
var3411	131
var3412	180
var3413	282
var3414	504
var3415	76
var3416	180
var3417	30
var3418	86
var3419	989
var3420	95
var3421	774
var3422	18
var3423	163
var3424	263
var3425	534
var3426	378
var3427	178
var3428	635
var3429	48
var3430	50
var3431	274
var3432	153
var3433	228
var3434	23
var3435	109
var3436	440
var3437	117
var3438	180
var3439	47
var3440	41
var3441	18
var3442	578
var3443	201
var3444	167
var3445	99
var3446	39
var3447	465
var3448	69
var3449	49
var3450	37
var3451	79
var3452	479
var3453	82
var3454	438
var3455	267
var3456	69
var3457	59
var3458	169
var3459	256
var3460	111
var3461	60
var3462	73
var3463	76
var3464	74
var3465	130
var3466	215
var3467	181
var3468	94
var3469	112
var3470	46
var3471	232
var3472	277
var3473	252
var3474	132
var3475	46
var3476	112
var3477	168
var3478	33
var3479	267
var3480	67
var3481	201
var3482	85
var3483	100
var3484	269
var3485	70
var3486	125
var3487	206
var3488	284
var3489	265
var3490	6
var3491	221
var3492	87
var3493	54
var3494	59
var3495	120
var3496	169
var3497	184
var3498	209
var3499	217
var3500	331
var3501	107
var3502	90
var3503	312
var3504	91
var3505	162
var3506	42
var3507	186
var3508	279
var3509	327
var3510	44
var3511	134
var3512	64
var3513	180
var3514	38
var3515	405
var3516	143
var3517	40
var3518	131
var3519	34
var3520	104
var3521	74
var3522	184
var3523	21
var3524	399
var3525	128
var3526	47
var3527	380
var3528	587
var3529	69
var3530	161
var3531	186
var3532	494
var3533	242
var3534	54
var3535	52
var3536	137
var3537	39
var3538	94
var3539	1368
var3540	520
var3541	128
var3542	142
var3543	34
var3544	72
var3545	323
var3546	262
var3547	57
var3548	251
var3549	42
var3550	59
var3551	311
var3552	373
var3553	96
var3554	59
var3555	290
var3556	35
var3557	282
var3558	39
var3559	56
var3560	138
var3561	76
var3562	143
var3563	173
var3564	1736
var3565	148
var3566	48
var3567	167
var3568	179
var3569	30
var3570	84
var3571	441
var3572	87
var3573	157
var3574	470
var3575	596
var3576	94
var3577	172
var3578	157
var3579	231
var3580	82
var3581	99
var3582	123
var3583	12
var3584	139
var3585	669
var3586	174
var3587	27
var3588	240
var3589	300
var3590	269
var3591	606
var3592	739
var3593	238
var3594	138
var3595	15
var3596	13
var3597	30
var3598	293
var3599	11
var3600	37
var3601	655
var3602	165
var3603	512
var3604	26
var3605	394
var3606	113
var3607	347
var3608	142
var3609	67
var3610	123
var3611	20
var3612	244
var3613	742
var3614	55
var3615	359
var3616	103
var3617	145
var3618	211
var3619	34
var3620	257
var3621	40
var3622	46
var3623	281
var3624	345
var3625	20
var3626	21
var3627	189
var3628	217
var3629	1014
var3630	2287
var3631	94
var3632	11
var3633	29
var3634	61
var3635	88
var3636	92
var3637	300
var3638	306
var3639	132
var3640	64
var3641	10
var3642	132
var3643	242
var3644	59
var3645	61
var3646	359
var3647	228
var3648	126
var3649	40
var3650	42
var3651	159
var3652	38
var3653	135
var3654	164
var3655	37
var3656	48
var3657	248
var3658	707
var3660	84
var3661	25
var3662	143
var3663	212
var3664	197
var3665	504
var3666	30
var3667	124
var3668	1
var3669	37
var3670	274
var3671	55
var3672	85
var3673	394
var3674	236
var3675	70
var3676	189
var3677	52
var3678	38
var3679	84
var3680	511
var3681	91
var3682	27
var3683	40
var3684	37
var3685	489
var3686	141
var3687	284
var3688	156
var3689	71
var3690	123
var3691	1056
var3692	103
var3693	135
var3694	363
var3695	52
var3696	171
var3697	465
var3698	350
var3699	114
var3700	119
var3701	569
var3702	428
var3703	13
var3704	69
var3705	44
var3706	374
var3707	137
var3708	24
var3709	105
var3710	79
var3711	331
var3712	413
var3713	93
var3714	322
var3715	82
var3716	151
var3717	301
var3718	186
var3719	350
var3720	268
var3721	21
var3722	67
var3723	38
var3724	133
var3725	759
var3726	40
var3727	97
var3728	603
var3729	156
var3730	243
var3731	141
var3732	163
var3733	65
var3734	92
var3735	77
var3736	74
var3737	49
var3738	39
var3739	438
var3740	151
var3741	131
var3742	18
var3743	159
var3744	117
var3745	1147
var3746	8
var3747	74
var3748	135
var3749	128
var3750	303
var3751	18
var3752	411
var3753	15
var3754	248
var3755	244
var3756	99
var3757	19
var3758	59
var3759	224
var3760	122
var3761	41
var3762	158
var3763	139
var3764	419
var3765	19
var3766	67
var3767	377
var3768	24
var3769	36
var3770	226
var3771	152
var3772	326
var3773	43
var3774	183
var3775	34
var3776	153
var3777	54
var3778	76
var3779	161
var3780	542
var3781	43
var3782	127
var3783	5
var3784	398
var3785	106
var3786	148
var3787	39
var3788	60
var3789	54
var3790	593
var3791	93
var3792	58
var3793	94
var3794	25
var3795	140
var3796	50
var3797	77
var3798	153
var3799	56
var3800	45
var3801	676
var3802	57
var3803	77
var3804	33
var3805	53
var3806	86
var3807	364
var3808	273
var3809	28
var3810	44
var3811	195
var3812	169
var3813	332
var3814	18
var3815	14
var3816	173
var3817	29
var3818	98
var3819	134
var3820	56
var3821	492
var3822	60
var3823	51
var3824	72
var3825	110
var3826	538
var3827	64
var3828	172
var3829	167
var3830	65
var3831	982
var3832	703
var3833	163
var3834	243
var3835	52
var3836	51
var3837	51
var3838	3
var3839	162
var3840	323
var3841	186
var3842	33
var3843	66
var3844	206
var3845	36
var3846	84
var3847	95
var3848	125
var3849	785
var3850	239
var3851	34
var3852	61
var3853	249
var3854	56
var3855	43
var3856	139
var3857	828
var3858	15
var3859	170
var3860	44
var3861	16
var3862	277
var3863	182
var3864	33
var3865	57
var3866	213
var3867	29
var3868	43
var3869	52
var3870	214
var3871	49
var3872	82
var3873	154
var3874	6
var3875	101
var3876	32
var3877	128
var3878	199
var3879	335
var3880	113
var3881	36
var3882	173
var3883	45
var3884	215
var3885	2
var3886	77
var3887	16
var3888	810
var3889	213
var3890	73
var3891	175
var3892	803
var3893	208
var3894	126
var3895	26
var3896	94
var3897	266
var3898	76
var3899	443
var3900	39
var3901	105
var3902	69
var3903	125
var3904	333
var3905	56
var3906	288
var3907	96
var3908	36
var3909	125
var3910	815
var3911	12
var3912	22
var3913	24
var3914	113
var3915	287
var3916	482
var3917	199
var3918	696
var3919	160
var3920	118
var3921	19
var3922	85
var3923	331
var3924	697
var3925	56
var3926	78
var3927	126
var3928	223
var3929	267
var3930	12
var3931	119
var3932	181
var3933	149
var3934	488
var3935	1670
var3936	37
var3937	326
var3938	37
var3939	213
var3940	155
var3941	52
var3942	820
var3943	30
var3944	24
var3945	75
var3946	37
var3947	45
var3948	271
var3949	485
var3950	619
var3951	120
var3952	235
var3953	137
var3954	137
var3955	37
var3956	107
var3957	92
var3958	25
var3959	141
var3960	302
var3961	363
var3962	368
var3963	592
var3964	403
var3965	24
var3966	163
var3967	107
var3968	388
var3969	476
var3970	180
var3971	90
var3972	104
var3973	64
var3974	52
var3975	46
var3976	387
var3977	18
var3978	33
var3979	147
var3980	379
var3981	283
var3982	43
var3983	84
var3984	358
var3985	21
var3986	319
var3987	124
var3988	88
var3989	27
var3990	663
var3991	109
var3992	112
var3993	248
var3994	16
var3995	230
var3996	276
var3997	48
var3998	67
var3999	389
var4000	80
var4001	187
var4002	613
var4003	49
var4004	293
var4005	162
var4006	9
var4007	105
var4008	134
var4009	233
var4010	105
var4011	11
var4012	220
var4013	292
var4014	64
var4015	22
var4016	58
var4017	377
var4018	74
var4019	71
var4020	159
var4021	66
var4022	197
var4023	306
var4024	5
var4025	56
var4026	713
var4027	207
var4028	46
var4029	92
var4030	163
var4031	158
var4032	64
var4033	104
var4034	17
var4035	296
var4036	28
var4037	193
var4038	38
var4039	108
var4040	58
var4041	465
var4042	17
var4043	162
var4044	173
var4045	334
var4046	289
var4047	158
var4048	43
var4049	26
var4050	57
var4051	2
var4052	55
var4053	23
var4054	1769
var4055	137
var4056	168
var4057	138
var4058	9
var4059	43
var4060	180
var4061	80
var4062	69
var4063	70
var4064	154
var4065	164
var4066	153
var4067	73
var4068	118
var4069	153
var4070	141
var4071	256
var4072	36
var4073	59
var4074	448
var4075	4
var4076	164
var4077	424
var4078	11
var4079	175
var4080	79
var4081	49
var4082	90
var4083	129
var4084	24
var4085	209
var4086	34
var4087	699
var4088	24
var4089	117
var4090	136
var4091	45
var4092	65
var4093	194
var4094	656
var4095	817
var4096	106
var4097	14
var4098	155
var4099	1780
var4100	121
var4101	156
var4102	72
var4103	83
var4104	69
var4105	364
var4106	267
var4107	39
var4108	193
var4109	331
var4110	368
var4111	50
var4112	457
var4113	1257
var4114	962
var4115	202
var4116	20
var4117	1116
var4118	33
var4119	12
var4120	24
var4121	446
var4122	315
var4123	52
var4124	175
var4125	35
var4126	100
var4127	27
var4128	150
var4129	62
var4130	63
var4131	78
var4132	227
var4133	168
var4134	120
var4135	448
var4136	19
var4137	30
var4138	19
var4139	34
var4140	50
var4141	46
var4142	130
var4143	243
var4144	242
var4145	1
var4146	19
var4147	183
var4148	64
var4149	152
var4150	121
var4151	108
var4152	116
var4153	26
var4154	23
var4155	345
var4156	37
var4157	102
var4158	93
var4159	79
var4160	332
var4161	248
var4162	88
var4163	463
var4164	50
var4165	116
var4166	436
var4167	550
var4168	658
var4169	90
var4170	126
var4171	43
var4172	211
var4173	76
var4174	1000
var4175	12
var4176	26
var4177	21
var4178	93
var4179	110
var4180	38
var4181	106
var4182	259
var4183	12
var4184	103
var4185	834
var4186	41
var4187	174
var4188	30
var4189	112
var4190	122
var4191	132
var4192	231
var4193	261
var4194	186
var4195	26
var4196	161
var4197	300
var4198	108
var4199	36
var4200	102
var4201	410
var4202	53
var4203	92
var4204	147
var4205	112
var4206	72
var4207	34
var4208	118
var4209	104
var4210	73
var4211	54
var4212	139
var4213	1313
var4214	91
var4215	211
var4216	574
var4217	30
var4218	954
var4219	57
var4220	187
var4221	69
var4222	394
var4223	73
var4224	475
var4225	74
var4226	78
var4227	72
var4228	28
var4229	33
var4230	988
var4231	254
var4232	350
var4233	139
var4234	63
var4235	206
var4236	25
var4237	64
var4238	131
var4239	187
var4240	121
var4241	169
var4242	98
var4243	42
var4244	101
var4245	39
var4246	125
var4247	16
var4248	40
var4249	289
var4250	436
var4251	245
var4252	438
var4253	117
var4254	527
var4255	94
var4256	521
var4257	40
var4258	131
var4259	26
var4260	24
var4261	57
var4262	91
var4263	433
var4264	643
var4265	149
var4266	228
var4267	180
var4268	445
var4269	15
var4270	65
var4271	139
var4272	1
var4273	225
var4274	67
var4275	307
var4276	237
var4277	561
var4278	52
var4279	29
var4280	275
var4281	102
var4282	222
var4283	57
var4284	100
var4285	145
var4286	415
var4287	164
var4288	1171
var4289	1033
var4290	27
var4291	39
var4292	61
var4293	36
var4294	215
var4295	25
var4296	417
var4297	264
var4298	221
var4299	65
var4300	398
var4301	550
var4302	33
var4303	348
var4304	63
var4305	35
var4306	3
var4307	277
var4308	125
var4309	212
var4310	71
var4311	198
var4312	191
var4313	210
var4314	128
var4315	50
var4316	182
var4317	83
var4318	257
var4319	17
var4320	74
var4321	12
var4322	31
var4323	39
var4324	546
var4325	110
var4326	98
var4327	88
var4328	148
var4329	212
var4330	89
var4331	45
var4332	176
var4333	49
var4334	155
var4335	301
var4336	296
var4337	64
var4338	143
var4339	160
var4340	402
var4341	80
var4342	35
var4343	85
var4344	101
var4345	156
var4346	156
var4347	95
var4348	22
var4349	238
var4350	95
var4351	178
var4352	228
var4353	35
var4354	180
var4355	1225
var4356	36
var4357	693
var4358	176
var4359	121
var4360	134
var4361	227
var4362	142
var4363	183
var4364	276
var4365	240
var4366	99
var4367	20
var4368	50
var4369	122
var4370	199
var4371	233
var4372	64
var4373	52
var4374	51
var4375	91
var4376	82
var4377	274
var4378	382
var4379	157
var4380	78
var4381	55
var4382	102
var4383	70
var4384	89
var4385	118
var4386	424
var4387	58
var4388	430
var4389	185
var4390	47
var4391	18
var4392	55
var4393	231
var4394	223
var4395	199
var4396	312
var4397	670
var4398	21
var4399	115
var4400	204
var4401	128
var4402	606
var4403	108
var4404	153
var4405	64
var4406	349
var4407	269
var4408	84
var4409	40
var4410	1760
var4411	161
var4412	520
var4413	391
var4414	68
var4415	109
var4416	18
var4417	707
var4418	437
var4419	24
var4420	73
var4421	76
var4422	36
var4423	78
var4424	78
var4425	62
var4426	108
var4427	129
var4428	178
var4429	493
var4430	208
var4431	40
var4432	95
var4433	392
var4434	53
var4435	159
var4436	248
var4437	847
var4438	138
var4439	23
var4440	235
var4441	686
var4442	58
var4443	61
var4444	27
var4445	43
var4446	57
var4447	131
var4448	97
var4449	871
var4450	49
var4451	63
var4452	457
var4453	136
var4454	1973
var4455	30
var4456	158
var4457	219
var4458	37
var4459	497
var4460	120
var4461	208
var4462	322
var4463	395
var4464	52
var4465	685
var4466	190
var4467	87
var4468	211
var4469	106
var4470	347
var4471	84
var4472	47
var4473	130
var4474	529
var4475	24
var4476	94
var4477	43
var4478	45
var4479	151
var4480	659
var4481	55
var4482	59
var4483	24
var4484	11
var4485	1746
var4486	35
var4487	36
var4488	536
var4489	241
var4490	546
var4491	9
var4492	473
var4493	40
var4494	144
var4495	127
var4496	505
var4497	372
var4498	53
var4499	287
var4500	193
var4501	29
var4502	34
var4503	143
var4504	487
var4505	30
var4506	78
var4507	121
var4508	1058
var4509	239
var4510	301
var4511	431
var4512	90
var4513	228
var4514	124
var4515	250
var4516	271
var4517	36
var4518	78
var4519	103
var4520	134
var4521	122
var4522	11
var4523	215
var4524	27
var4525	35
var4526	68
var4527	122
var4528	298
var4529	51
var4530	85
var4531	38
var4532	330
var4533	616
var4534	137
var4535	51
var4536	43
var4537	541
var4538	146
var4539	43
var4540	47
var4541	243
var4542	45
var4543	147
var4544	81
var4545	60
var4546	92
var4547	148
var4548	34
var4549	299
var4550	140
var4551	36
var4552	162
var4553	116
var4554	208
var4555	217
var4556	177
var4557	29
var4558	158
var4559	87
var4560	166
var4561	66
var4562	57
var4563	648
var4564	181
var4565	12
var4566	1332
var4567	629
var4568	124
var4569	210
var4570	380
var4571	289
var4572	373
var4573	83
var4574	200
var4575	38
var4576	64
var4577	240
var4578	154
var4579	132
var4580	29
var4581	55
var4582	353
var4583	246
var4584	8
var4585	68
var4586	82
var4587	138
var4588	60
var4589	24
var4590	102
var4591	57
var4592	64
var4593	460
var4594	387
var4595	150
var4596	341
var4597	23
var4598	235
var4599	119
var4600	204
var4601	60
var4602	126
var4603	162
var4604	96
var4605	45
var4606	102
var4607	22
var4608	32
var4609	168
var4610	125
var4611	390
var4612	692
var4613	150
var4614	73
var4615	53
var4616	58
var4617	99
var4618	70
var4619	91
var4620	58
var4621	165
var4622	183
var4623	156
var4624	146
var4625	93
var4626	125
var4627	345
var4628	160
var4629	90
var4630	144
var4631	83
var4632	241
var4633	480
var4634	148
var4635	66
var4636	54
var4637	565
var4638	422
var4639	907
var4640	179
var4641	141
var4642	194
var4643	265
var4644	131
var4645	121
var4646	46
var4647	86
var4648	174
var4649	11
var4650	40
var4651	354
var4652	95
var4653	11
var4654	96
var4655	126
var4656	1431
var4657	179
var4658	120
var4659	267
var4660	91
var4661	118
var4662	121
var4663	47
var4664	53
var4665	260
var4666	120
var4667	127
var4668	30
var4669	34
var4670	172
var4671	136
var4672	83
var4673	765
var4674	65
var4675	47
var4676	77
var4677	79
var4678	82
var4679	365
var4680	1396
var4681	76
var4682	79
var4683	12
var4684	109
var4685	97
var4686	279
var4687	110
var4688	273
var4689	171
var4690	683
var4691	108
var4692	38
var4693	197
var4694	180
var4695	16
var4696	94
var4697	65
var4698	424
var4699	2259
var4700	63
var4701	48
var4702	181
var4703	251
var4704	213
var4705	713
var4706	56
var4707	200
var4708	56
var4709	906
var4710	91
var4711	11
var4712	247
var4713	496
var4714	22
var4715	186
var4716	144
var4717	284
var4718	71
var4719	743
var4720	450
var4721	366
var4722	1446
var4723	31
var4724	170
var4725	22
var4726	45
var4727	52
var4728	251
var4729	65
var4730	123
var4731	58
var4732	27
var4733	332
var4734	237
var4735	225
var4736	278
var4737	20
var4738	25
var4739	637
var4740	258
var4741	27
var4742	165
var4743	110
var4744	64
var4745	51
var4746	1011
var4747	79
var4748	286
var4749	69
var4750	68
var4751	515
var4752	17
var4753	262
var4754	592
var4755	239
var4756	41
var4757	68
var4758	675
var4759	48
var4760	38
var4761	4
var4762	94
var4763	100
var4764	49
var4765	69
var4766	251
var4767	26
var4768	252
var4769	111
var4770	68
var4771	80
var4772	176
var4773	27
var4774	33
var4775	179
var4776	85
var4777	198
var4778	559
var4779	551
var4780	103
var4781	100
var4782	106
var4783	291
var4784	191
var4785	290
var4786	52
var4787	185
var4788	451
var4789	108
var4790	22
var4791	226
var4792	106
var4793	121
var4794	81
var4795	141
var4796	483
var4797	89
var4798	146
var4799	329
var4800	65
var4801	397
var4802	193
var4803	52
var4804	43
var4805	64
var4806	64
var4807	168
var4808	67
var4809	306
var4810	50
var4811	69
var4812	221
var4813	62
var4814	170
var4815	76
var4816	41
var4817	46
var4818	137
var4819	170
var4820	89
var4821	350
var4822	91
var4823	4
var4824	81
var4825	267
var4826	145
var4827	221
var4828	73
var4829	39
var4830	1333
var4831	167
var4832	705
var4833	27
var4834	293
var4835	29
var4836	63
var4837	32
var4838	281
var4839	212
var4840	225
var4841	134
var4842	164
var4843	494
var4844	293
var4845	89
var4846	263
var4847	16
var4848	95
var4849	1630
var4850	115
var4851	272
var4852	232
var4853	128
var4854	159
var4855	263
var4856	301
var4857	566
var4858	124
var4859	48
var4860	1113
var4861	68
var4862	2082
var4863	106
var4864	30
var4865	65
var4866	239
var4867	456
var4868	58
var4869	105
var4870	341
var4871	106
var4872	151
var4873	29
var4874	323
var4875	103
var4876	510
var4877	24
var4878	64
var4879	282
var4880	47
var4881	77
var4882	528
var4883	68
var4884	80
var4885	1930
var4886	535
var4887	183
var4888	43
var4889	215
var4890	221
var4891	432
var4892	100
var4893	98
var4894	440
var4895	42
var4896	60
var4897	49
var4898	171
var4899	271
var4900	55
var4901	26
var4902	109
var4903	174
var4904	213
var4905	49
var4906	14
var4907	18
var4908	101
var4909	268
var4910	34
var4911	158
var4912	51
var4913	253
var4914	291
var4915	178
var4916	450
var4917	129
var4918	210
var4919	254
var4920	82
var4921	126
var4922	101
var4923	134
var4924	17
var4925	177
var4926	91
var4927	264
var4928	29
var4929	203
var4930	574
var4931	246
var4932	131
var4933	385
var4934	17
var4935	159
var4936	106
var4937	353
var4938	101
var4939	273
var4940	169
var4941	296
var4942	3
var4943	58
var4944	36
var4945	127
var4946	130
var4947	51
var4948	309
var4949	560
var4950	52
var4951	145
var4952	92
var4953	123
var4954	122
var4955	116
var4956	612
var4957	64
var4958	23
var4959	476
var4960	75
var4961	226
var4962	35
var4963	34
var4964	377
var4965	406
var4966	291
var4967	280
var4968	16
var4969	3
var4970	130
var4971	441
var4972	40
var4973	355
var4974	113
var4975	41
var4976	208
var4977	43
var4978	39
var4979	69
var4980	86
var4981	360
var4982	47
var4983	296
var4984	47
var4985	13
var4986	60
var4987	12
var4988	46
var4989	52
var4990	117
var4991	114
var4992	124
var4993	76
var4994	324
var4995	218
var4996	281
var4997	35
var4998	140
var4999	242
var5000	153
var5001	19
var5002	185
var5003	293
var5004	202
var5005	225
var5006	20
var5007	31
var5008	30
var5009	510
var5010	377
var5011	148
var5012	16
var5013	337
var5014	777
var5015	58
var5016	380
var5017	48
var5018	241
var5019	136
var5020	32
var5021	16
var5022	524
var5023	75
var5024	693
var5025	72
var5026	7
var5027	193
var5028	220
var5029	639
var5030	121
var5031	112
var5032	41
var5033	14
var5034	885
var5035	33
var5036	53
var5037	103
var5038	38
var5039	61
var5040	251
var5041	66
var5042	45
var5043	24
var5044	61
var5045	129
var5046	31
var5047	283
var5048	33
var5049	458
var5050	11
var5051	258
var5052	71
var5053	104
var5054	218
var5055	174
var5056	418
var5057	490
var5058	75
var5059	372
var5060	44
var5061	63
var5062	35
var5063	16
var5064	118
var5065	196
var5066	129
var5067	136
var5068	13
var5069	324
var5070	244
var5071	139
var5072	123
var5073	384
var5074	36
var5075	237
var5076	128
var5077	306
var5078	228
var5079	47
var5080	60
var5081	13
var5082	95
var5083	153
var5084	348
var5085	104
var5086	131
var5087	547
var5088	420
var5089	6
var5090	206
var5091	111
var5092	204
var5093	2024
var5094	109
var5095	87
var5096	382
var5097	130
var5098	201
var5099	189
var5100	67
var5101	159
var5102	169
var5103	498
var5104	77
var5105	111
var5106	573
var5107	292
var5108	310
var5109	166
var5110	247
var5111	150
var5112	59
var5113	187
var5114	109
var5115	3
var5116	202
var5117	303
var5118	35
var5119	89
var5120	653
var5121	211
var5122	113
var5123	411
var5124	430
var5125	17
var5126	103
var5127	248
var5128	34
var5129	133
var5130	65
var5131	101
var5132	89
var5133	367
var5134	206
var5135	322
var5136	138
var5137	157
var5138	216
var5139	38
var5140	87
var5141	158
var5142	115
var5143	296
var5144	445
var5145	381
var5146	418
var5147	208
var5148	56
var5149	61
var5150	627
var5151	99
var5152	183
var5153	137
var5154	29
var5155	106
var5156	63
var5157	170
var5158	535
var5159	163
var5160	148
var5161	97
var5162	9
var5163	121
var5164	243
var5165	680
var5166	45
var5167	208
var5168	11
var5169	17
var5170	461
var5171	103
var5172	35
var5173	38
var5174	62
var5175	87
var5176	85
var5177	103
var5178	204
var5179	39
var5180	86
var5181	81
var5182	72
var5183	326
var5184	190
var5185	24
var5186	403
var5187	484
var5188	153
var5189	54
var5190	42
var5191	132
var5192	23
var5193	36
var5194	765
var5195	21
var5196	588
var5197	99
var5198	67
var5199	84
var5200	152
var5201	82
var5202	6
var5203	116
var5204	806
var5205	26
var5206	58
var5207	99
var5208	295
var5209	1284
var5210	48
var5211	193
var5212	37
var5213	49
var5214	713
var5215	142
var5216	244
var5217	195
var5218	100
var5219	85
var5220	254
var5221	296
var5222	10
var5223	25
var5224	223
var5225	84
var5226	40
var5227	40
var5228	1230
var5229	136
var5230	831
var5231	59
var5232	284
var5233	332
var5234	109
var5235	985
var5236	79
var5237	137
var5238	76
var5239	139
var5240	81
var5241	210
var5242	52
var5243	42
var5244	138
var5245	131
var5246	61
var5247	195
var5248	170
var5249	209
var5250	90
var5251	136
var5252	688
var5253	200
var5254	540
var5255	150
var5256	170
var5257	56
var5258	11
var5259	8
var5260	304
var5261	143
var5262	126
var5263	11
var5264	54
var5265	220
var5266	254
var5267	30
var5268	294
var5269	4
var5270	88
var5271	185
var5272	365
var5273	52
var5274	92
var5275	76
var5276	144
var5277	145
var5278	30
var5279	100
var5280	81
var5281	33
var5282	573
var5283	63
var5284	176
var5285	136
var5286	196
var5287	89
var5288	157
var5289	23
var5290	32
var5291	514
var5292	179
var5293	31
var5294	102
var5295	161
var5296	104
var5297	40
var5298	33
var5299	1018
var5300	3
var5301	150
var5302	240
var5303	57
var5304	58
var5305	87
var5306	65
var5307	927
var5308	225
var5309	154
var5310	43
var5311	39
var5312	192
var5313	42
var5314	176
var5315	93
var5316	104
var5317	424
var5318	293
var5319	111
var5320	303
var5321	101
var5322	27
var5323	76
var5324	177
var5325	115
var5326	61
var5327	645
var5328	184
var5329	127
var5330	102
var5331	114
var5332	45
var5333	194
var5334	299
var5335	147
var5336	138
var5337	149
var5338	280
var5339	150
var5340	735
var5341	314
var5342	48
var5343	1974
var5344	691
var5345	140
var5346	398
var5347	124
var5348	222
var5349	13
var5350	278
var5351	55
var5352	168
var5353	156
var5354	214
var5355	357
var5356	16
var5357	10
var5358	9
var5359	359
var5360	153
var5361	29
var5362	332
var5363	44
var5364	17
var5365	864
var5366	180
var5367	93
var5368	159
var5369	401
var5370	131
var5371	279
var5372	163
var5373	34
var5374	81
var5375	93
var5376	56
var5377	95
var5378	170
var5379	369
var5380	557
var5381	45
var5382	151
var5383	220
var5384	454
var5385	800
var5386	33
var5387	516
var5388	372
var5389	142
var5390	307
var5391	75
var5392	202
var5393	180
var5394	134
var5395	209
var5396	216
var5397	62
var5398	154
var5399	160
var5400	406
var5401	163
var5402	106
var5403	59
var5404	62
var5405	107
var5406	163
var5407	11
var5408	457
var5409	15
var5410	32
var5411	132
var5412	128
var5413	495
var5414	320
var5415	177
var5416	17
var5417	50
var5418	11
var5419	206
var5420	213
var5421	164
var5422	310
var5423	89
var5424	60
var5425	486
var5426	1827
var5427	251
var5428	60
var5429	91
var5430	293
var5431	9
var5432	45
var5433	189
var5434	313
var5435	35
var5436	382
var5437	321
var5438	127
var5439	382
var5440	442
var5441	1190
var5442	166
var5443	79
var5444	179
var5445	43
var5446	49
var5447	73
var5448	584
var5449	57
var5450	345
var5451	72
var5452	243
var5453	55
var5454	140
var5455	5
var5456	204
var5457	123
var5458	168
var5459	89
var5460	86
var5461	38
var5462	70
var5463	99
var5464	143
var5465	17
var5466	3
var5467	135
var5468	94
var5469	32
var5470	351
var5471	118
var5472	168
var5473	142
var5474	15
var5475	174
var5476	121
var5477	35
var5478	30
var5479	1573
var5480	76
var5481	26
var5482	118
var5483	72
var5484	129
var5485	67
var5486	88
var5487	253
var5488	81
var5489	60
var5490	131
var5491	168
var5492	353
var5493	269
var5494	581
var5495	44
var5496	232
var5497	1036
var5498	364
var5499	26
var5500	81
var5501	100
var5502	338
var5503	153
var5504	110
var5505	436
var5506	162
var5507	78
var5508	43
var5509	182
var5510	134
var5511	451
var5512	224
var5513	293
var5514	291
var5515	69
var5516	45
var5517	226
var5518	133
var5519	9
var5520	12
var5521	433
var5522	59
var5523	46
var5524	21
var5525	181
var5526	79
var5527	31
var5528	71
var5529	218
var5530	246
var5531	227
var5532	109
var5533	51
var5534	308
var5535	78
var5536	139
var5537	146
var5538	110
var5539	238
var5540	16
var5541	43
var5542	77
var5543	192
var5544	134
var5545	12
var5546	273
var5547	16
var5548	107
var5549	45
var5550	367
var5551	28
var5552	72
var5553	140
var5554	90
var5555	56
var5556	34
var5557	129
var5558	125
var5559	125
var5560	173
var5561	248
var5562	55
var5563	301
var5564	1218
var5565	33
var5566	19
var5567	27
var5568	29
var5569	193
var5570	93
var5571	65
var5572	109
var5573	35
var5574	118
var5575	412
var5576	190
var5577	529
var5578	137
var5579	93
var5580	121
var5581	128
var5582	20
var5583	1091
var5584	104
var5585	68
var5586	145
var5587	112
var5588	335
var5589	321
var5590	632
var5591	121
var5592	53
var5593	92
var5594	67
var5595	2
var5596	58
var5597	109
var5598	92
var5599	14
var5600	34
var5601	156
var5602	201
var5603	79
var5604	32
var5605	26
var5606	71
var5607	121
var5608	130
var5609	81
var5610	149
var5611	77
var5612	75
var5613	219
var5614	245
var5615	216
var5616	104
var5617	122
var5618	30
var5619	64
var5620	137
var5621	1061
var5622	195
var5623	6
var5624	708
var5625	476
var5626	438
var5627	453
var5628	295
var5629	26
var5630	97
var5631	567
var5632	433
var5633	335
var5634	161
var5635	32
var5636	82
var5637	306
var5638	27
var5639	45
var5640	19
var5641	59
var5642	118
var5643	62
var5644	58
var5645	296
var5646	74
var5647	1479
var5648	270
var5649	20
var5650	13
var5651	183
var5652	326
var5653	330
var5654	149
var5655	407
var5656	50
var5657	918
var5658	102
var5659	53
var5660	478
var5661	127
var5662	12
var5663	368
var5664	492
var5665	128
var5666	21
var5667	253
var5668	83
var5669	234
var5670	66
var5671	1832
var5672	310
var5673	92
var5674	41
var5675	296
var5676	850
var5677	278
var5678	119
var5679	269
var5680	126
var5681	246
var5682	60
var5683	68
var5684	43
var5685	82
var5686	35
var5687	97
var5688	152
var5689	280
var5690	142
var5691	554
var5692	77
var5693	15
var5694	34
var5695	139
var5696	562
var5697	121
var5698	42
var5699	73
var5700	66
var5701	61
var5702	107
var5703	30
var5704	182
var5705	176
var5706	21
var5707	59
var5708	42
var5709	70
var5710	229
var5711	483
var5712	72
var5713	114
var5714	38
var5715	35
var5716	120
var5717	228
var5718	514
var5719	53
var5720	40
var5721	45
var5722	74
var5723	147
var5724	385
var5725	129
var5726	48
var5727	360
var5728	777
var5729	527
var5730	231
var5731	81
var5732	8
var5733	24
var5734	48
var5735	199
var5736	60
var5737	78
var5738	270
var5739	80
var5740	133
var5741	1847
var5742	37
var5743	92
var5744	76
var5745	161
var5746	39
var5747	26
var5748	458
var5749	66
var5750	25
var5751	113
var5752	107
var5753	188
var5754	396
var5755	48
var5756	107
var5757	602
var5758	176
var5759	127
var5760	308
var5761	84
var5762	8
var5763	5
var5764	236
var5765	86
var5766	105
var5767	588
var5768	262
var5769	133
var5770	14
var5771	437
var5772	753
var5773	176
var5774	625
var5775	397
var5776	305
var5777	92
var5778	32
var5779	143
var5780	159
var5781	290
var5782	63
var5783	77
var5784	158
var5785	29
var5786	16
var5787	198
var5788	85
var5789	177
var5790	276
var5791	184
var5792	169
var5793	49
var5794	61
var5795	177
var5796	383
var5797	199
var5798	160
var5799	301
var5800	55
var5801	456
var5802	6
var5803	575
var5804	313
var5805	121
var5806	85
var5807	389
var5808	62
var5809	24
var5810	24
var5811	625
var5812	228
var5813	91
var5814	222
var5815	1368
var5816	513
var5817	59
var5818	252
var5819	158
var5820	543
var5821	70
var5822	26
var5823	289
var5824	543
var5825	104
var5826	174
var5827	1068
var5828	34
var5829	352
var5830	26
var5831	59
var5832	154
var5833	29
var5834	17
var5835	128
var5836	1448
var5837	872
var5838	1554
var5839	73
var5840	160
var5841	189
var5842	40
var5843	38
var5844	92
var5845	496
var5846	147
var5847	33
var5848	637
var5849	200
var5850	584
var5851	25
var5852	46
var5853	94
var5854	226
var5855	391
var5856	11
var5857	311
var5858	505
var5859	184
var5860	124
var5861	144
var5862	467
var5863	81
var5864	160
var5865	634
var5866	111
var5867	52
var5868	36
var5869	382
var5870	131
var5871	53
var5872	415
var5873	47
var5874	365
var5875	326
var5876	66
var5877	60
var5878	51
var5879	90
var5880	34
var5881	255
var5882	162
var5883	4
var5884	801
var5885	35
var5886	55
var5887	238
var5888	77
var5889	96
var5890	153
var5891	131
var5892	261
var5893	376
var5894	7
var5895	358
var5896	138
var5897	272
var5898	235
var5899	422
var5900	56
var5901	651
var5902	1509
var5903	251
var5904	1616
var5905	47
var5906	202
var5907	21
var5908	189
var5909	44
var5910	38
var5911	221
var5912	30
var5913	39
var5914	182
var5915	24
var5916	168
var5917	439
var5918	143
var5919	52
var5920	281
var5921	124
var5922	52
var5923	158
var5924	230
var5925	51
var5926	951
var5927	64
var5928	125
var5929	7
var5930	72
var5931	89
var5932	310
var5933	199
var5934	94
var5935	286
var5936	111
var5937	111
var5938	192
var5939	52
var5940	154
var5941	356
var5942	65
var5943	121
var5944	73
var5945	40
var5946	165
var5947	438
var5948	98
var5949	309
var5950	68
var5951	324
var5952	98
var5953	91
var5954	99
var5955	57
var5956	29
var5957	150
var5958	67
var5959	18
var5960	37
var5961	100
var5962	43
var5963	30
var5964	170
var5965	99
var5966	69
var5967	47
var5968	445
var5969	134
var5970	387
var5971	184
var5972	137
var5973	8
var5974	242
var5975	154
var5976	45
var5977	181
var5978	82
var5979	19
var5980	817
var5981	129
var5982	47
var5983	164
var5984	246
var5985	81
var5986	27
var5987	73
var5988	184
var5989	144
var5990	79
var5991	288
var5992	111
var5993	305
var5994	38
var5995	38
var5996	104
var5997	417
var5998	177
var5999	126
var6000	73
var6001	112
var6002	148
var6003	138
var6004	46
var6005	128
var6006	166
var6007	285
var6008	81
var6009	145
var6010	70
var6011	118
var6012	118
var6013	109
var6014	229
var6015	96
var6016	199
var6017	51
var6018	280
var6019	287
var6020	140
var6021	83
var6022	230
var6023	595
var6024	403
var6025	143
var6026	9
var6027	59
var6028	591
var6029	74
var6030	118
var6031	572
var6032	433
var6033	87
var6034	10
var6035	340
var6036	242
var6037	17
var6038	32
var6039	38
var6040	224
var6041	201
var6042	126
var6043	29
var6044	60
var6045	115
var6046	78
var6047	62
var6048	128
var6049	236
var6050	12
var6051	208
var6052	305
var6053	61
var6054	32
var6055	58
var6056	19
var6057	209
var6058	63
var6059	128
var6060	29
var6061	15
var6062	23
var6063	79
var6064	558
var6065	213
var6066	305
var6067	25
var6068	35
var6069	31
var6070	60
var6071	70
var6072	90
var6073	105
var6074	629
var6075	156
var6076	577
var6077	363
var6078	59
var6079	23
var6080	110
var6081	106
var6082	91
var6083	68
var6084	27
var6085	62
var6086	61
var6087	39
var6088	91
var6089	345
var6090	44
var6091	9
var6092	48
var6093	60
var6094	27
var6095	138
var6096	68
var6097	23
var6098	440
var6099	127
var6100	100
var6101	309
var6102	128
var6103	142
var6104	34
var6105	558
var6106	67
var6107	71
var6108	42
var6109	62
var6110	388
var6111	256
var6112	12
var6113	586
var6114	364
var6115	1232
var6116	949
var6117	180
var6118	1352
var6119	82
var6120	133
var6121	177
var6122	76
var6123	735
var6124	225
var6125	656
var6126	59
var6127	197
var6128	313
var6129	165
var6130	325
var6131	18
var6132	93
var6133	344
var6134	125
var6135	96
var6136	100
var6137	2087
var6138	176
var6139	46
var6140	80
var6141	84
var6142	106
var6143	205
var6144	113
var6145	154
var6146	35
var6147	56
var6148	22
var6149	30
var6150	36
var6151	534
var6152	39
var6153	430
var6154	36
var6155	167
var6156	134
var6157	126
var6158	227
var6159	113
var6160	106
var6161	227
var6162	148
var6163	170
var6164	111
var6165	377
var6166	8
var6167	345
var6168	78
var6169	300
var6170	185
var6171	79
var6172	168
var6173	50
var6174	127
var6175	283
var6176	88
var6177	24
var6178	42
var6179	114
var6180	97
var6181	31
var6182	22
var6183	154
var6184	205
var6185	240
var6186	37
var6187	201
var6188	53
var6189	261
var6190	176
var6191	58
var6192	179
var6193	344
var6194	98
var6195	263
var6196	237
var6197	163
var6198	275
var6199	245
var6200	734
var6201	32
var6202	76
var6203	12
var6204	39
var6205	571
var6206	218
var6207	412
var6208	46
var6209	29
var6210	871
var6211	33
var6212	10
var6213	56
var6214	656
var6215	94
var6216	85
var6217	325
var6218	136
var6219	81
var6220	382
var6221	62
var6222	148
var6223	127
var6224	629
var6225	42
var6226	135
var6227	456
var6228	16
var6229	468
var6230	237
var6231	31
var6232	567
var6233	146
var6234	165
var6235	627
var6236	145
var6237	281
var6238	16
var6239	71
var6240	151
var6241	173
var6242	133
var6243	53
var6244	339
var6245	463
var6246	218
var6247	57
var6248	35
var6249	12
var6250	40
var6251	267
var6252	356
var6253	75
var6254	152
var6255	353
var6256	26
var6257	718
var6258	167
var6259	120
var6260	43
var6261	143
var6262	113
var6263	399
var6264	83
var6265	6
var6266	95
var6267	31
var6268	206
var6269	1233
var6270	31
var6271	115
var6272	53
var6273	623
var6274	36
var6275	50
var6276	491
var6277	280
var6278	11
var6279	34
var6280	60
var6281	132
var6282	65
var6283	143
var6284	1439
var6285	73
var6286	347
var6287	42
var6288	68
var6289	180
var6290	667
var6291	38
var6292	42
var6293	29
var6294	55
var6295	562
var6296	14
var6297	37
var6298	91
var6299	225
var6300	328
var6301	369
var6302	231
var6303	38
var6304	91
var6305	160
var6306	197
var6307	67
var6308	267
var6309	181
var6310	80
var6311	404
var6312	79
var6313	318
var6314	46
var6315	157
var6316	43
var6317	100
var6318	459
var6319	75
var6320	26
var6321	57
var6322	13
var6323	85
var6324	64
var6325	235
var6326	55
var6327	193
var6328	27
var6329	124
var6330	161
var6331	24
var6332	92
var6333	149
var6334	80
var6335	193
var6336	354
var6337	129
var6338	149
var6339	41
var6340	495
var6341	88
var6342	369
var6343	78
var6344	395
var6345	240
var6346	269
var6347	368
var6348	269
var6349	184
var6350	74
var6351	492
var6352	180
var6353	225
var6354	260
var6355	123
var6356	40
var6357	594
var6358	66
var6359	245
var6360	60
var6361	169
var6362	67
var6363	82
var6364	1285
var6365	168
var6366	193
var6367	274
var6368	118
var6369	56
var6370	103
var6371	615
var6372	28
var6373	102
var6374	694
var6375	129
var6376	92
var6377	191
var6378	69
var6379	58
var6380	57
var6381	57
var6382	534
var6383	203
var6384	133
var6385	132
var6386	1108
var6387	39
var6388	214
var6389	678
var6390	329
var6391	30
var6392	115
var6393	55
var6394	26
var6395	204
var6396	260
var6397	82
var6398	29
var6399	253
var6400	17
var6401	66
var6402	101
var6403	670
var6404	165
var6405	52
var6406	105
var6407	731
var6408	48
var6409	202
var6410	25
var6411	394
var6412	103
var6413	325
var6414	158
var6415	26
var6416	156
var6417	188
var6418	271
var6419	222
var6420	65
var6421	89
var6422	24
var6423	64
var6424	80
var6425	194
var6426	66
var6427	69
var6428	11
var6429	37
var6430	177
var6431	57
var6432	529
var6433	145
var6434	47
var6435	50
var6436	98
var6437	118
var6438	323
var6439	67
var6440	11
var6441	464
var6442	117
var6443	118
var6444	307
var6445	82
var6446	561
var6447	121
var6448	116
var6449	98
var6450	70
var6451	194
var6452	256
var6453	91
var6454	85
var6455	171
var6456	38
var6457	93
var6458	79
var6459	19
var6460	564
var6461	169
var6462	178
var6463	204
var6464	79
var6465	134
var6466	76
var6467	204
var6468	208
var6469	111
var6470	373
var6471	301
var6472	57
var6473	117
var6474	111
var6475	186
var6476	1313
var6477	39
var6478	81
var6479	238
var6480	54
var6481	647
var6482	174
var6483	140
var6484	171
var6485	298
var6486	85
var6487	801
var6488	78
var6489	157
var6490	34
var6491	109
var6492	72
var6493	66
var6494	83
var6495	48
var6496	375
var6497	457
var6498	147
var6499	615
var6500	152
var6501	135
var6502	195
var6503	176
var6504	171
var6505	130
var6506	278
var6507	100
var6508	145
var6509	544
var6510	139
var6511	647
var6512	130
var6513	92
var6514	749
var6515	35
var6516	40
var6517	200
var6518	184
var6519	289
var6520	162
var6521	96
var6522	69
var6523	1378
var6524	31
var6525	112
var6526	361
var6527	349
var6528	677
var6529	162
var6530	225
var6531	87
var6532	100
var6533	106
var6534	508
var6535	99
var6536	424
var6537	435
var6538	255
var6539	69
var6540	118
var6541	34
var6542	15
var6543	557
var6544	281
var6545	5
var6546	33
var6547	110
var6548	33
var6549	1192
var6550	137
var6551	56
var6552	217
var6553	32
var6554	91
var6555	663
var6556	195
var6557	126
var6558	146
var6559	68
var6560	137
var6561	110
var6562	27
var6563	43
var6564	306
var6565	16
var6566	72
var6567	40
var6568	56
var6569	237
var6570	426
var6571	54
var6572	116
var6573	170
var6574	393
var6575	45
var6576	137
var6577	152
var6578	108
var6579	38
var6580	411
var6581	699
var6582	1030
var6583	128
var6584	274
var6585	13
var6586	778
var6587	290
var6588	257
var6589	305
var6590	428
var6591	81
var6592	112
var6593	96
var6594	230
var6595	80
var6596	49
var6597	17
var6598	82
var6599	25
var6600	163
var6601	357
var6602	85
var6603	70
var6604	166
var6605	83
var6606	33
var6607	757
var6608	73
var6609	288
var6610	81
var6611	319
var6612	55
var6613	137
var6614	28
var6615	54
var6616	179
var6617	51
var6618	39
var6619	147
var6620	191
var6621	40
var6622	433
var6623	4
var6624	59
var6625	467
var6626	36
var6627	131
var6628	56
var6629	879
var6630	13
var6631	326
var6632	109
var6633	43
var6634	193
var6635	68
var6636	175
var6637	123
var6638	174
var6639	171
var6640	18
var6641	24
var6642	53
var6643	174
var6644	366
var6645	73
var6646	54
var6647	310
var6648	31
var6649	167
var6650	155
var6651	143
var6652	716
var6653	437
var6654	39
var6655	110
var6656	229
var6657	23
var6658	38
var6659	196
var6660	406
var6661	269
var6662	142
var6663	236
var6664	14
var6665	592
var6666	43
var6667	25
var6668	100
var6669	224
var6670	38
var6671	165
var6672	53
var6673	65
var6674	223
var6675	31
var6676	207
var6677	141
var6678	278
var6679	125
var6680	497
var6681	368
var6682	49
var6683	130
var6684	8
var6685	125
var6686	686
var6687	587
var6688	173
var6689	169
var6690	26
var6691	293
var6692	17
var6693	37
var6694	75
var6695	18
var6696	61
var6697	185
var6698	90
var6699	369
var6700	287
var6701	74
var6702	134
var6703	12
var6704	54
var6705	84
var6706	188
var6707	83
var6708	34
var6709	188
var6710	94
var6711	93
var6712	74
var6713	96
var6714	527
var6715	28
var6716	31
var6717	41
var6718	117
var6719	40
var6720	204
var6721	196
var6722	124
var6723	123
var6724	60
var6725	20
var6726	74
var6727	121
var6728	72
var6729	206
var6730	54
var6731	32
var6732	128
var6733	109
var6734	23
var6735	221
var6736	658
var6737	255
var6738	25
var6739	184
var6740	137
var6741	27
var6742	10
var6743	144
var6744	70
var6745	78
var6746	368
var6747	260
var6748	459
var6749	44
var6750	165
var6751	53
var6752	87
var6753	19
var6754	39
var6755	34
var6756	87
var6757	20
var6758	262
var6759	59
var6760	183
var6761	39
var6762	387
var6763	120
var6764	72
var6765	57
var6766	308
var6767	99
var6768	308
var6769	76
var6770	100
var6771	72
var6772	23
var6773	316
var6774	115
var6775	69
var6776	115
var6777	264
var6778	292
var6779	130
var6780	32
var6781	302
var6782	172
var6783	4
var6784	54
var6785	150
var6786	141
var6787	188
var6788	52
var6789	251
var6790	364
var6791	77
var6792	71
var6793	203
var6794	104
var6795	47
var6796	66
var6797	159
var6798	85
var6799	72
var6800	182
var6801	31
var6802	27
var6803	79
var6804	154
var6805	59
var6806	133
var6807	124
var6808	561
var6809	65
var6810	345
var6811	69
var6812	147
var6813	80
var6814	256
var6815	147
var6816	46
var6817	79
var6818	595
var6819	154
var6820	260
var6821	126
var6822	166
var6823	1279
var6824	163
var6825	113
var6826	49
var6827	86
var6828	66
var6829	131
var6830	122
var6831	168
var6832	25
var6833	55
var6834	63
var6835	27
var6836	241
var6837	141
var6838	174
var6839	1023
var6840	181
var6841	60
var6842	66
var6843	190
var6844	91
var6845	107
var6846	347
var6847	30
var6848	62
var6849	723
var6850	66
var6851	75
var6852	22
var6853	275
var6854	243
var6855	270
var6856	13
var6857	213
var6858	76
var6859	352
var6860	210
var6861	578
var6862	223
var6863	139
var6864	229
var6865	202
var6866	204
var6867	111
var6868	19
var6869	102
var6870	72
var6871	78
var6872	122
var6873	74
var6874	140
var6875	66
var6876	255
var6877	1297
var6878	114
var6879	25
var6880	437
var6881	94
var6882	32
var6883	73
var6884	317
var6885	64
var6886	77
var6887	136
var6888	56
var6889	175
var6890	41
var6891	231
var6892	559
var6893	706
var6894	101
var6895	67
var6896	577
var6897	95
var6898	89
var6899	21
var6900	72
var6901	13
var6902	10
var6903	45
var6904	126
var6905	194
var6906	51
var6907	598
var6908	304
var6909	381
var6910	266
var6911	549
var6912	262
var6913	21
var6914	805
var6915	92
var6916	37
var6917	77
var6918	68
var6919	490
var6920	144
var6921	152
var6922	76
var6923	39
var6924	131
var6925	257
var6926	71
var6927	81
var6928	99
var6929	153
var6930	106
var6931	282
var6932	113
var6933	55
var6934	108
var6935	105
var6936	1193
var6937	121
var6938	20
var6939	118
var6940	93
var6941	69
var6942	88
var6943	145
var6944	102
var6945	228
var6946	105
var6947	53
var6948	61
var6949	616
var6950	211
var6951	125
var6952	297
var6953	420
var6954	184
var6955	23
var6956	18
var6957	57
var6958	280
var6959	36
var6960	384
var6961	144
var6962	236
var6963	62
var6964	335
var6965	244
var6966	411
var6967	146
var6968	222
var6969	512
var6970	376
var6971	29
var6972	207
var6973	93
var6974	37
var6975	113
var6976	396
var6977	40
var6978	76
var6979	174
var6980	24
var6981	345
var6982	48
var6983	632
var6984	80
var6985	408
var6986	35
var6987	48
var6988	48
var6989	337
var6990	39
var6991	169
var6992	152
var6993	43
var6994	1947
var6995	129
var6996	505
var6997	44
var6998	22
var6999	301
var7000	94
var7001	551
var7002	76
var7003	346
var7004	122
var7005	28
var7006	168
var7007	69
var7008	195
var7009	43
var7010	25
var7011	232
var7012	90
var7013	855
var7014	32
var7015	184
var7016	75
var7017	56
var7018	154
var7019	101
var7020	20
var7021	67
var7022	225
var7023	363
var7024	56
var7025	163
var7026	972
var7027	151
var7028	228
var7029	277
var7030	45
var7031	223
var7032	426
var7033	398
var7034	200
var7035	118
var7036	40
var7037	49
var7038	525
var7039	75
var7040	35
var7041	230
var7042	64
var7043	119
var7044	81
var7045	250
var7046	47
var7047	35
var7048	99
var7049	261
var7050	67
var7051	32
var7052	32
var7053	49
var7054	15
var7055	33
var7056	540
var7057	52
var7058	366
var7059	573
var7060	71
var7061	68
var7062	25
var7063	52
var7064	203
var7065	39
var7066	116
var7067	381
var7068	278
var7069	129
var7070	571
var7071	129
var7072	169
var7073	402
var7074	208
var7075	44
var7076	389
var7077	19
var7078	55
var7079	111
var7080	26
var7081	246
var7082	182
var7083	103
var7084	93
var7085	108
var7086	38
var7087	190
var7088	74
var7089	44
var7090	28
var7091	101
var7092	224
var7093	395
var7094	513
var7095	237
var7096	70
var7097	42
var7098	48
var7099	45
var7100	182
var7101	119
var7102	75
var7103	140
var7104	58
var7105	90
var7106	290
var7107	73
var7108	226
var7109	98
var7110	391
var7111	220
var7112	285
var7113	197
var7114	116
var7115	207
var7116	33
var7117	198
var7118	87
var7119	931
var7120	451
var7121	47
var7122	267
var7123	47
var7124	107
var7125	221
var7126	116
var7127	16
var7128	66
var7129	225
var7130	232
var7131	59
var7132	205
var7133	69
var7134	137
var7135	50
var7136	205
var7137	162
var7138	144
var7139	99
var7140	47
var7141	848
var7142	293
var7143	91
var7144	98
var7145	18
var7146	33
var7147	116
var7148	171
var7149	45
var7150	25
var7151	321
var7152	9
var7153	359
var7154	317
var7155	865
var7156	186
var7157	73
var7158	79
var7159	50
var7160	1582
var7161	149
var7162	85
var7163	332
var7164	44
var7165	149
var7166	20
var7167	771
var7168	244
var7169	196
var7170	158
var7171	62
var7172	140
var7173	78
var7174	35
var7175	45
var7176	43
var7177	87
var7178	202
var7179	62
var7180	47
var7181	112
var7182	144
var7183	87
var7184	817
var7185	845
var7186	73
var7187	310
var7188	237
var7189	36
var7190	216
var7191	300
var7192	86
var7193	39
var7194	138
var7195	77
var7196	26
var7197	96
var7198	186
var7199	368
var7200	72
var7201	58
var7202	110
var7203	8
var7204	152
var7205	800
var7206	147
var7207	438
var7208	57
var7209	204
var7210	225
var7211	70
var7212	295
var7213	166
var7214	302
var7215	1161
var7216	262
var7217	38
var7218	58
var7219	144
var7220	69
var7221	334
var7222	58
var7223	130
var7224	60
var7225	148
var7226	442
var7227	195
var7228	331
var7229	297
var7230	118
var7231	73
var7232	61
var7233	367
var7234	344
var7235	61
var7236	66
var7237	120
var7238	406
var7239	231
var7240	330
var7241	181
var7242	1996
var7243	57
var7244	176
var7245	378
var7246	12
var7247	120
var7248	118
var7249	10
var7250	71
var7251	1681
var7252	296
var7253	804
var7254	159
var7255	6
var7256	739
var7257	202
var7258	267
var7259	447
var7260	157
var7261	373
var7262	237
var7263	256
var7264	62
var7265	207
var7266	878
var7267	209
var7268	33
var7269	1233
var7270	65
var7271	104
var7272	72
var7273	309
var7274	365
var7275	59
var7276	60
var7277	13
var7278	222
var7279	160
var7280	145
var7281	454
var7282	43
var7283	91
var7284	128
var7285	64
var7286	405
var7287	942
var7288	68
var7289	22
var7290	191
var7291	38
var7292	45
var7293	238
var7294	27
var7295	113
var7296	159
var7297	115
var7298	31
var7299	501
var7300	83
var7301	270
var7302	24
var7303	830
var7304	72
var7305	43
var7306	146
var7307	318
var7308	133
var7309	243
var7310	233
var7311	106
var7312	236
var7313	131
var7314	108
var7315	255
var7316	84
var7317	98
var7318	38
var7319	280
var7320	19
var7321	1007
var7322	229
var7323	87
var7324	52
var7325	65
var7326	669
var7327	23
var7328	112
var7329	80
var7330	314
var7331	404
var7332	324
var7333	384
var7334	136
var7335	289
var7336	188
var7337	730
var7338	18
var7339	164
var7340	159
var7341	287
var7342	39
var7343	95
var7344	105
var7345	103
var7346	663
var7347	8
var7348	25
var7349	45
var7350	170
var7351	44
var7352	363
var7353	29
var7354	172
var7355	266
var7356	170
var7357	146
var7358	105
var7359	226
var7360	149
var7361	111
var7362	158
var7363	100
var7364	257
var7365	42
var7366	60
var7367	80
var7368	437
var7369	98
var7370	134
var7371	229
var7372	137
var7373	278
var7374	449
var7375	8
var7376	89
var7377	127
var7378	100
var7379	318
var7380	134
var7381	155
var7382	450
var7383	24
var7384	1398
var7385	130
var7386	438
var7387	83
var7388	64
var7389	87
var7390	201
var7391	57
var7392	243
var7393	437
var7394	184
var7395	335
var7396	970
var7397	9
var7398	90
var7399	135
var7400	8
var7401	549
var7402	87
var7403	1204
var7404	345
var7405	187
var7406	51
var7407	497
var7408	50
var7409	26
var7410	65
var7411	123
var7412	51
var7413	44
var7414	236
var7415	69
var7416	99
var7417	372
var7418	193
var7419	194
var7420	55
var7421	215
var7422	45
var7423	304
var7424	232
var7425	66
var7426	167
var7427	1115
var7428	163
var7429	99
var7430	27
var7431	94
var7432	29
var7433	6
var7434	140
var7435	305
var7436	155
var7437	424
var7438	64
var7439	46
var7440	350
var7441	326
var7442	638
var7443	169
var7444	67
var7445	65
var7446	179
var7447	190
var7448	36
var7449	132
var7450	96
var7451	192
var7452	288
var7453	164
var7454	44
var7455	32
var7456	44
var7457	42
var7458	151
var7459	167
var7460	15
var7461	39
var7462	380
var7463	27
var7464	762
var7465	203
var7466	49
var7467	130
var7468	127
var7469	210
var7470	434
var7471	1389
var7472	274
var7473	59
var7474	480
var7475	143
var7476	495
var7477	222
var7478	150
var7479	99
var7480	265
var7481	97
var7482	166
var7483	133
var7484	170
var7485	230
var7486	354
var7487	38
var7488	233
var7489	197
var7490	92
var7491	98
var7492	211
var7493	239
var7494	47
var7495	278
var7496	319
var7497	72
var7498	56
var7499	160
var7500	72
var7501	112
var7502	728
var7503	351
var7504	292
var7505	509
var7506	37
var7507	13
var7508	447
var7509	724
var7510	206
var7511	402
var7512	166
var7513	363
var7514	199
var7515	321
var7516	27
var7517	64
var7518	148
var7519	89
var7520	65
var7521	84
var7522	333
var7523	256
var7524	366
var7525	110
var7526	208
var7527	44
var7528	58
var7529	165
var7530	41
var7531	880
var7532	114
var7533	111
var7534	17
var7535	243
var7536	61
var7537	433
var7538	112
var7539	204
var7540	188
var7541	20
var7542	104
var7543	153
var7544	37
var7545	221
var7546	201
var7547	466
var7548	216
var7549	29
var7550	621
var7551	32
var7552	112
var7553	99
var7554	18
var7555	156
var7556	68
var7557	337
var7558	8
var7559	159
var7560	146
var7561	218
var7562	54
var7563	223
var7564	235
var7565	479
var7566	94
var7567	157
var7568	67
var7569	66
var7570	73
var7571	112
var7572	217
var7573	63
var7574	75
var7575	64
var7576	26
var7577	52
var7578	12
var7579	57
var7580	11
var7581	528
var7582	274
var7583	27
var7584	236
var7585	137
var7586	63
var7587	222
var7588	188
var7589	16
var7590	218
var7591	244
var7592	303
var7593	20
var7594	83
var7595	310
var7596	116
var7597	444
var7598	26
var7599	707
var7600	39
var7601	91
var7602	103
var7603	206
var7604	50
var7605	45
var7606	45
var7607	384
var7608	530
var7609	522
var7610	52
var7611	1172
var7612	233
var7613	30
var7614	283
var7615	424
var7616	145
var7617	427
var7618	68
var7619	26
var7620	30
var7621	136
var7622	139
var7623	82
var7624	485
var7625	249
var7626	565
var7627	568
var7628	186
var7629	417
var7630	259
var7631	609
var7632	332
var7633	56
var7634	396
var7635	163
var7636	84
var7637	209
var7638	76
var7639	234
var7640	255
var7641	228
var7642	113
var7643	21
var7644	24
var7645	296
var7646	275
var7647	193
var7648	33
var7649	205
var7650	37
var7651	593
var7652	149
var7653	445
var7654	70
var7655	16
var7656	222
var7657	528
var7658	182
var7659	604
var7660	539
var7661	87
var7662	287
var7663	164
var7664	23
var7665	54
var7666	49
var7667	96
var7668	360
var7669	96
var7670	79
var7671	7
var7672	256
var7673	185
var7674	131
var7675	181
var7676	429
var7677	17
var7678	142
var7679	19
var7680	113
var7681	18
var7682	62
var7683	151
var7684	41
var7685	47
var7686	275
var7687	384
var7688	78
var7689	65
var7690	11
var7691	228
var7692	210
var7693	214
var7694	333
var7695	78
var7696	15
var7697	252
var7698	661
var7699	171
var7700	70
var7701	296
var7702	22
var7703	73
var7704	112
var7705	209
var7706	191
var7707	248
var7708	81
var7709	55
var7710	142
var7711	363
var7712	211
var7713	153
var7714	317
var7715	25
var7716	21
var7717	679
var7718	47
var7719	195
var7720	177
var7721	263
var7722	118
var7723	48
var7724	33
var7725	268
var7726	27
var7727	26
var7728	835
var7729	112
var7730	62
var7731	113
var7732	130
var7733	117
var7734	103
var7735	165
var7736	41
var7737	57
var7738	273
var7739	257
var7740	180
var7741	42
var7742	304
var7743	265
var7744	132
var7745	52
var7746	87
var7747	64
var7748	257
var7749	49
var7750	111
var7751	98
var7752	65
var7753	516
var7754	243
var7755	182
var7756	290
var7757	212
var7758	174
var7759	315
var7760	184
var7761	326
var7762	10
var7763	425
var7764	25
var7765	82
var7766	596
var7767	19
var7768	109
var7769	847
var7770	149
var7771	214
var7772	310
var7773	168
var7774	51
var7775	31
var7776	50
var7777	81
var7778	39
var7779	285
var7780	148
var7781	233
var7782	20
var7783	511
var7784	219
var7785	118
var7786	12
var7787	110
var7788	45
var7789	187
var7790	121
var7791	87
var7792	517
var7793	250
var7794	210
var7795	301
var7796	144
var7797	28
var7798	121
var7799	164
var7800	78
var7801	90
var7802	165
var7803	54
var7804	42
var7805	67
var7806	147
var7807	119
var7808	72
var7809	77
var7810	65
var7811	210
var7812	118
var7813	18
var7814	69
var7815	103
var7816	279
var7817	73
var7818	155
var7819	173
var7820	796
var7821	123
var7822	207
var7823	468
var7824	432
var7825	375
var7826	165
var7827	397
var7828	107
var7829	182
var7830	257
var7831	242
var7832	42
var7833	2
var7834	23
var7835	56
var7836	7
var7837	148
var7838	165
var7839	1508
var7840	18
var7841	94
var7842	136
var7843	106
var7844	61
var7845	44
var7846	266
var7847	269
var7848	232
var7849	47
var7850	285
var7851	52
var7852	283
var7853	57
var7854	215
var7855	176
var7856	134
var7857	65
var7858	498
var7859	569
var7860	20
var7861	1331
var7862	47
var7863	102
var7864	110
var7865	418
var7866	53
var7867	135
var7868	87
var7869	18
var7870	441
var7871	78
var7872	63
var7873	16
var7874	139
var7875	1078
var7876	421
var7877	87
var7878	152
var7879	114
var7880	61
var7881	130
var7882	131
var7883	1067
var7884	242
var7885	85
var7886	137
var7887	48
var7888	522
var7889	837
var7890	196
var7891	45
var7892	463
var7893	268
var7894	131
var7895	1837
var7896	301
var7897	59
var7898	95
var7899	220
var7900	330
var7901	78
var7902	147
var7903	145
var7904	28
var7905	144
var7906	19
var7907	71
var7908	149
var7909	84
var7910	827
var7911	46
var7912	143
var7913	13
var7914	69
var7915	55
var7916	101
var7917	104
var7918	106
var7919	192
var7920	75
var7921	134
var7922	78
var7923	43
var7924	97
var7925	85
var7926	152
var7927	50
var7928	169
var7929	84
var7930	63
var7931	379
var7932	80
var7933	847
var7934	256
var7935	87
var7936	85
var7937	117
var7938	1091
var7939	241
var7940	161
var7941	86
var7942	96
var7943	106
var7944	60
var7945	129
var7946	118
var7947	310
var7948	36
var7949	217
var7950	32
var7951	224
var7952	147
var7953	339
var7954	418
var7955	65
var7956	316
var7957	241
var7958	127
var7959	224
var7960	58
var7961	223
var7962	82
var7963	100
var7964	22
var7965	40
var7966	148
var7967	141
var7968	64
var7969	212
var7970	10
var7971	1551
var7972	160
var7973	82
var7974	187
var7975	121
var7976	133
var7977	73
var7978	67
var7979	177
var7980	302
var7981	68
var7982	52
var7983	94
var7984	154
var7985	211
var7986	4
var7987	231
var7988	673
var7989	117
var7990	381
var7991	15
var7992	88
var7993	69
var7994	72
var7995	117
var7996	179
var7997	103
var7998	151
var7999	281
var8000	567
var8001	1381
var8002	90
var8003	76
var8004	52
var8005	408
var8006	42
var8007	541
var8008	80
var8009	122
var8010	28
var8011	290
var8012	194
var8013	52
var8014	125
var8015	138
var8016	207
var8017	94
var8018	298
var8019	312
var8020	75
var8021	67
var8022	157
var8023	68
var8024	69
var8025	28
var8026	184
var8027	115
var8028	72
var8029	88
var8030	204
var8031	61
var8032	339
var8033	166
var8034	642
var8035	363
var8036	50
var8037	129
var8038	114
var8039	118
var8040	917
var8041	593
var8042	117
var8043	212
var8044	54
var8045	34
var8046	30
var8047	52
var8048	381
var8049	1020
var8050	111
var8051	439
var8052	723
var8053	127
var8054	262
var8055	1369
var8056	28
var8057	33
var8058	78
var8059	314
var8060	303
var8061	302
var8062	284
var8063	46
var8064	129
var8065	76
var8066	32
var8067	220
var8068	29
var8069	39
var8070	48
var8071	122
var8072	374
var8073	284
var8074	418
var8075	87
var8076	440
var8077	25
var8078	83
var8079	48
var8080	183
var8081	69
var8082	25
var8083	91
var8084	545
var8085	80
var8086	78
var8087	81
var8088	65
var8089	44
var8090	120
var8091	15
var8092	171
var8093	674
var8094	72
var8095	181
var8096	164
var8097	48
var8098	15
var8099	440
var8100	133
var8101	74
var8102	54
var8103	57
var8104	47
var8105	62
var8106	61
var8107	502
var8108	152
var8109	25
var8110	62
var8111	282
var8112	28
var8113	25
var8114	58
var8115	60
var8116	8
var8117	167
var8118	19
var8119	34
var8120	8
var8121	101
var8122	77
var8123	159
var8124	31
var8125	346
var8126	31
var8127	63
var8128	66
var8129	890
var8130	101
var8131	40
var8132	6
var8133	33
var8134	317
var8135	272
var8136	374
var8137	382
var8138	92
var8139	207
var8140	236
var8141	178
var8142	214
var8143	69
var8144	252
var8145	313
var8146	8
var8147	27
var8148	243
var8149	164
var8150	41
var8151	113
var8152	128
var8153	146
var8154	208
var8155	92
var8156	75
var8157	28
var8158	57
var8159	224
var8160	53
var8161	50
var8162	206
var8163	50
var8164	5
var8165	490
var8166	36
var8167	727
var8168	178
var8169	51
var8170	196
var8171	135
var8172	69
var8173	24
var8174	136
var8175	220
var8176	53
var8177	64
var8178	9
var8179	426
var8180	72
var8181	349
var8182	19
var8183	29
var8184	29
var8185	533
var8186	602
var8187	792
var8188	120
var8189	132
var8190	29
var8191	221
var8192	144
var8193	217
var8194	115
var8195	654
var8196	89
var8197	116
var8198	153
var8199	182
var8200	59
var8201	310
var8202	131
var8203	85
var8204	46
var8205	243
var8206	154
var8207	183
var8208	56
var8209	632
var8210	385
var8211	98
var8212	135
var8213	116
var8214	101
var8215	68
var8216	122
var8217	300
var8218	150
var8219	113
var8220	12
var8221	534
var8222	545
var8223	418
var8224	76
var8225	32
var8226	557
var8227	344
var8228	455
var8229	10
var8230	16
var8231	156
var8232	33
var8233	262
var8234	119
var8235	62
var8236	2
var8237	867
var8238	333
var8239	161
var8240	32
var8241	141
var8242	52
var8243	102
var8244	307
var8245	148
var8246	116
var8247	429
var8248	36
var8249	97
var8250	26
var8251	105
var8252	165
var8253	184
var8254	1279
var8255	107
var8256	236
var8257	124
var8258	82
var8259	184
var8260	17
var8261	317
var8262	238
var8263	132
var8264	222
var8265	20
var8266	151
var8267	89
var8268	73
var8269	57
var8270	15
var8271	314
var8272	53
var8273	31
var8274	104
var8275	80
var8276	125
var8277	73
var8278	32
var8279	93
var8280	426
var8281	44
var8282	53
var8283	34
var8284	79
var8285	31
var8286	15
var8287	33
var8288	60
var8289	251
var8290	52
var8291	132
var8292	64
var8293	676
var8294	289
var8295	23
var8296	65
var8297	13
var8298	155
var8299	150
var8300	97
var8301	42
var8302	195
var8303	33
var8304	27
var8305	37
var8306	22
var8307	25
var8308	108
var8309	95
var8310	10
var8311	943
var8312	1676
var8313	49
var8314	58
var8315	132
var8316	22
var8317	121
var8318	180
var8319	64
var8320	33
var8321	64
var8322	43
var8323	241
var8324	383
var8325	1020
var8326	184
var8327	455
var8328	105
var8329	45
var8330	257
var8331	329
var8332	721
var8333	376
var8334	147
var8335	190
var8336	48
var8337	44
var8338	128
var8339	98
var8340	85
var8341	65
var8342	85
var8343	172
var8344	383
var8345	79
var8346	192
var8347	163
var8348	836
var8349	36
var8350	24
var8351	18
var8352	76
var8353	69
var8354	420
var8355	161
var8356	182
var8357	47
var8358	852
var8359	841
var8360	36
var8361	62
var8362	251
var8363	43
var8364	91
var8365	80
var8366	152
var8367	131
var8368	267
var8369	190
var8370	11
var8371	149
var8372	301
var8373	115
var8374	568
var8375	204
var8376	362
var8377	431
var8378	123
var8379	572
var8380	29
var8381	61
var8382	81
var8383	40
var8384	3
var8385	1269
var8386	51
var8387	155
var8388	458
var8389	35
var8390	106
var8391	400
var8392	86
var8393	21
var8394	184
var8395	68
var8396	89
var8397	48
var8398	24
var8399	286
var8400	126
var8401	106
var8402	59
var8403	40
var8404	36
var8405	37
var8406	489
var8407	360
var8408	96
var8409	314
var8410	498
var8411	81
var8412	49
var8413	379
var8414	32
var8415	381
var8416	452
var8417	215
var8418	71
var8419	295
var8420	581
var8421	28
var8422	11
var8423	31
var8424	111
var8425	157
var8426	105
var8427	83
var8428	9
var8429	44
var8430	39
var8431	152
var8432	345
var8433	126
var8434	964
var8435	78
var8436	77
var8437	31
var8438	73
var8439	134
var8440	233
var8441	108
var8442	362
var8443	156
var8444	18
var8445	56
var8446	288
var8447	194
var8448	43
var8449	376
var8450	314
var8451	110
var8452	100
var8453	215
var8454	106
var8455	28
var8456	223
var8457	88
var8458	164
var8459	175
var8460	137
var8461	188
var8462	53
var8463	64
var8464	281
var8465	27
var8466	28
var8467	12
var8468	85
var8469	50
var8470	347
var8471	116
var8472	88
var8473	42
var8474	339
var8475	307
var8476	6
var8477	105
var8478	147
var8479	252
var8480	33
var8481	157
var8482	46
var8483	317
var8484	216
var8485	46
var8486	152
var8487	47
var8488	82
var8489	38
var8490	54
var8491	194
var8492	682
var8493	402
var8494	167
var8495	316
var8496	56
var8497	884
var8498	229
var8499	150
var8500	111
var8501	496
var8502	80
var8503	55
var8504	56
var8505	37
var8506	152
var8507	82
var8508	236
var8509	213
var8510	276
var8511	14
var8512	77
var8513	203
var8514	68
var8515	68
var8516	193
var8517	550
var8518	36
var8519	32
var8520	275
var8521	135
var8522	68
var8523	762
var8524	162
var8525	142
var8526	90
var8527	141
var8528	50
var8529	239
var8530	250
var8531	502
var8532	85
var8533	494
var8534	64
var8535	30
var8536	118
var8537	243
var8538	52
var8539	387
var8540	320
var8541	198
var8542	213
var8543	84
var8544	297
var8545	173
var8546	514
var8547	55
var8548	150
var8549	24
var8550	152
var8551	196
var8552	382
var8553	28
var8554	612
var8555	66
var8556	38
var8557	88
var8558	133
var8559	82
var8560	151
var8561	51
var8562	53
var8563	403
var8564	99
var8565	99
var8566	59
var8567	611
var8568	52
var8569	398
var8570	153
var8571	21
var8572	45
var8573	7
var8574	27
var8575	38
var8576	29
var8577	252
var8578	97
var8579	53
var8580	120
var8581	292
var8582	20
var8583	869
var8584	10
var8585	601
var8586	443
var8587	211
var8588	125
var8589	90
var8590	224
var8591	155
var8592	819
var8593	244
var8594	238
var8595	141
var8596	85
var8597	145
var8598	406
var8599	222
var8600	610
var8601	98
var8602	65
var8603	260
var8604	61
var8605	458
var8606	161
var8607	134
var8608	545
var8609	54
var8610	125
var8611	178
var8612	54
var8613	27
var8614	103
var8615	395
var8616	201
var8617	165
var8618	40
var8619	83
var8620	22
var8621	50
var8622	641
var8623	129
var8624	409
var8625	43
var8626	718
var8627	46
var8628	151
var8629	174
var8630	44
var8631	152
var8632	62
var8633	63
var8634	26
var8635	588
var8636	422
var8637	119
var8638	55
var8639	26
var8640	48
var8641	167
var8642	83
var8643	214
var8644	47
var8645	225
var8646	115
var8647	468
var8648	368
var8649	117
var8650	482
var8651	108
var8652	16
var8653	11
var8654	109
var8655	155
var8656	104
var8657	86
var8658	128
var8659	298
var8660	278
var8661	45
var8662	91
var8663	650
var8664	264
var8665	378
var8666	68
var8667	29
var8668	54
var8669	66
var8670	158
var8671	95
var8672	450
var8673	50
var8674	97
var8675	337
var8676	468
var8677	91
var8678	96
var8679	1241
var8680	296
var8681	129
var8682	1741
var8683	123
var8684	365
var8685	34
var8686	63
var8687	53
var8688	489
var8689	61
var8690	57
var8691	8
var8692	69
var8693	144
var8694	53
var8695	51
var8696	241
var8697	167
var8698	45
var8699	298
var8700	441
var8701	47
var8702	139
var8703	447
var8704	153
var8705	559
var8706	791
var8707	23
var8708	121
var8709	22
var8710	264
var8711	363
var8712	34
var8713	28
var8714	369
var8715	50
var8716	212
var8717	74
var8718	368
var8719	104
var8720	53
var8721	572
var8722	231
var8723	202
var8724	52
var8725	22
var8726	74
var8727	51
var8728	151
var8729	320
var8730	70
var8731	16
var8732	231
var8733	55
var8734	70
var8735	49
var8736	97
var8737	139
var8738	306
var8739	788
var8740	73
var8741	348
var8742	69
var8743	178
var8744	93
var8745	389
var8746	97
var8747	109
var8748	29
var8749	55
var8750	54
var8751	14
var8752	143
var8753	114
var8754	338
var8755	79
var8756	29
var8757	181
var8758	410
var8759	45
var8760	149
var8761	36
var8762	170
var8763	54
var8764	211
var8765	415
var8766	611
var8767	198
var8768	10
var8769	212
var8770	246
var8771	16
var8772	131
var8773	378
var8774	488
var8775	67
var8776	149
var8777	45
var8778	39
var8779	259
var8780	147
var8781	323
var8782	932
var8783	659
var8784	81
var8785	44
var8786	42
var8787	351
var8788	35
var8789	246
var8790	27
var8791	135
var8792	231
var8793	1035
var8794	79
var8795	150
var8796	236
var8797	85
var8798	408
var8799	289
var8800	360
var8801	265
var8802	72
var8803	12
var8804	23
var8805	34
var8806	286
var8807	99
var8808	236
var8809	96
var8810	52
var8811	147
var8812	146
var8813	16
var8814	112
var8815	26
var8816	413
var8817	172
var8818	373
var8819	362
var8820	395
var8821	374
var8822	40
var8823	14
var8824	74
var8825	84
var8826	353
var8827	241
var8828	58
var8829	66
var8830	15
var8831	107
var8832	344
var8833	576
var8834	209
var8835	22
var8836	68
var8837	332
var8838	223
var8839	168
var8840	235
var8841	23
var8842	299
var8843	163
var8844	49
var8845	73
var8846	18
var8847	11
var8848	45
var8849	428
var8850	500
var8851	133
var8852	9
var8853	219
var8854	10
var8855	316
var8856	189
var8857	23
var8858	409
var8859	311
var8860	426
var8861	62
var8862	125
var8863	262
var8864	93
var8865	110
var8866	231
var8867	316
var8868	92
var8869	37
var8870	89
var8871	32
var8872	146
var8873	42
var8874	68
var8875	82
var8876	181
var8877	53
var8878	19
var8879	49
var8880	247
var8881	952
var8882	9
var8883	7
var8884	157
var8885	255
var8886	11
var8887	214
var8888	200
var8889	130
var8890	175
var8891	231
var8892	176
var8893	43
var8894	265
var8895	33
var8896	57
var8897	45
var8898	370
var8899	88
var8900	47
var8901	489
var8902	25
var8903	542
var8904	94
var8905	503
var8906	187
var8907	356
var8908	210
var8909	39
var8910	312
var8911	141
var8912	499
var8913	168
var8914	112
var8915	130
var8916	267
var8917	612
var8918	624
var8919	56
var8920	16
var8921	136
var8922	82
var8923	25
var8924	16
var8925	53
var8926	98
var8927	79
var8928	51
var8929	122
var8930	273
var8931	96
var8932	54
var8933	41
var8934	28
var8935	68
var8936	178
var8937	115
var8938	373
var8939	41
var8940	38
var8941	198
var8942	290
var8943	254
var8944	85
var8945	118
var8946	76
var8947	291
var8948	492
var8949	86
var8950	836
var8951	185
var8952	182
var8953	201
var8954	103
var8955	27
var8956	66
var8957	91
var8958	303
var8959	204
var8960	52
var8961	85
var8962	1247
var8963	433
var8964	587
var8965	127
var8966	309
var8967	48
var8968	33
var8969	254
var8970	97
var8971	1
var8972	336
var8973	21
var8974	385
var8975	302
var8976	466
var8977	531
var8978	101
var8979	794
var8980	131
var8981	803
var8982	87
var8983	113
var8984	11
var8985	488
var8986	53
var8987	114
var8988	74
var8989	291
var8990	81
var8991	37
var8992	91
var8993	110
var8994	48
var8995	59
var8996	42
var8997	57
var8998	136
var8999	96
var9000	146
var9001	116
var9002	121
var9003	44
var9004	1042
var9005	448
var9006	1364
var9007	52
var9008	311
var9009	45
var9010	75
var9011	221
var9012	558
var9013	88
var9014	161
var9015	85
var9016	126
var9017	44
var9018	4
var9019	199
var9020	181
var9021	82
var9022	119
var9023	299
var9024	6
var9025	125
var9026	110
var9027	158
var9028	146
var9029	169
var9030	55
var9031	24
var9032	136
var9033	193
var9034	84
var9035	631
var9036	264
var9037	584
var9038	111
var9039	12
var9040	41
var9041	419
var9042	624
var9043	1805
var9044	349
var9045	161
var9046	40
var9047	57
var9048	16
var9049	126
var9050	56
var9051	2
var9052	262
var9053	248
var9054	412
var9055	95
var9056	1011
var9057	57
var9058	568
var9059	121
var9060	126
var9061	172
var9062	32
var9063	690
var9064	100
var9065	405
var9066	109
var9067	36
var9068	51
var9069	64
var9070	12
var9071	202
var9072	26
var9073	15
var9074	274
var9075	378
var9076	92
var9077	111
var9078	103
var9079	55
var9080	108
var9081	49
var9082	63
var9083	40
var9084	910
var9085	102
var9086	246
var9087	28
var9088	287
var9089	789
var9090	6
var9091	79
var9092	15
var9093	635
var9094	66
var9095	83
var9096	514
var9097	41
var9098	170
var9099	193
var9100	273
var9101	190
var9102	186
var9103	72
var9104	163
var9105	246
var9106	557
var9107	37
var9108	576
var9109	181
var9110	415
var9111	117
var9112	58
var9113	21
var9114	184
var9115	81
var9116	171
var9117	112
var9118	72
var9119	112
var9120	104
var9121	453
var9122	28
var9123	67
var9124	342
var9125	22
var9126	33
var9127	68
var9128	411
var9129	171
var9130	284
var9131	224
var9132	63
var9133	15
var9134	28
var9135	73
var9136	335
var9137	24
var9138	56
var9139	81
var9140	83
var9141	652
var9142	69
var9143	12
var9144	215
var9145	56
var9146	108
var9147	78
var9148	142
var9149	67
var9150	380
var9151	47
var9152	242
var9153	34
var9154	133
var9155	34
var9156	251
var9157	73
var9158	5
var9159	76
var9160	34
var9161	50
var9162	111
var9163	210
var9164	110
var9165	132
var9166	129
var9167	41
var9168	113
var9169	120
var9170	146
var9171	323
var9172	555
var9173	8
var9174	56
var9175	133
var9176	143
var9177	87
var9178	79
var9179	93
var9180	35
var9181	50
var9182	50
var9183	183
var9184	802
var9185	115
var9186	548
var9187	8
var9188	307
var9189	66
var9190	152
var9191	123
var9192	136
var9193	248
var9194	268
var9195	359
var9196	156
var9197	120
var9198	223
var9199	46
var9200	30
var9201	14
var9202	92
var9203	243
var9204	252
var9205	360
var9206	946
var9207	161
var9208	218
var9209	195
var9210	310
var9211	215
var9212	142
var9213	93
var9214	120
var9215	134
var9216	6
var9217	196
var9218	284
var9219	70
var9220	28
var9221	267
var9222	145
var9223	154
var9224	158
var9225	129
var9226	489
var9227	83
var9228	880
var9229	20
var9230	51
var9231	168
var9232	251
var9233	216
var9234	19
var9235	151
var9236	180
var9237	386
var9238	158
var9239	37
var9240	260
var9241	52
var9242	102
var9243	128
var9244	87
var9245	95
var9246	165
var9247	417
var9248	12
var9249	76
var9250	138
var9251	155
var9252	65
var9253	292
var9254	86
var9255	122
var9256	40
var9257	56
var9258	126
var9259	205
var9260	192
var9261	24
var9262	35
var9263	88
var9264	6
var9265	194
var9266	45
var9267	694
var9268	112
var9269	178
var9270	744
var9271	643
var9272	109
var9273	265
var9274	20
var9275	290
var9276	258
var9277	47
var9278	125
var9279	172
var9280	305
var9281	166
var9282	305
var9283	76
var9284	167
var9285	164
var9286	184
var9287	489
var9288	66
var9289	245
var9290	487
var9291	73
var9292	61
var9293	608
var9294	61
var9295	640
var9296	203
var9297	377
var9298	83
var9299	324
var9300	13
var9301	68
var9302	119
var9303	237
var9304	78
var9305	102
var9306	99
var9307	410
var9308	209
var9309	7
var9310	146
var9311	367
var9312	52
var9313	42
var9314	50
var9315	78
var9316	174
var9317	24
var9318	810
var9319	145
var9320	325
var9321	244
var9322	103
var9323	25
var9324	166
var9325	224
var9326	62
var9327	90
var9328	273
var9329	47
var9330	105
var9331	94
var9332	319
var9333	724
var9334	80
var9335	194
var9336	1807
var9337	88
var9338	65
var9339	246
var9340	122
var9341	239
var9342	44
var9343	31
var9344	87
var9345	12
var9346	311
var9347	182
var9348	85
var9349	20
var9350	104
var9351	12
var9352	537
var9353	50
var9354	2782
var9355	57
var9356	52
var9357	132
var9358	85
var9359	228
var9360	369
var9361	257
var9362	243
var9363	33
var9364	40
var9365	161
var9366	102
var9367	252
var9368	608
var9369	1949
var9370	138
var9371	83
var9372	120
var9373	31
var9374	169
var9375	104
var9376	53
var9377	120
var9378	344
var9379	666
var9380	96
var9381	20
var9382	52
var9383	396
var9384	89
var9385	18
var9386	60
var9387	163
var9388	165
var9389	67
var9390	207
var9391	48
var9392	157
var9393	94
var9394	231
var9395	157
var9396	77
var9397	19
var9398	21
var9399	382
var9400	39
var9401	1302
var9402	152
var9403	28
var9404	121
var9405	11
var9406	65
var9407	331
var9408	343
var9409	13
var9410	88
var9411	8
var9412	235
var9413	161
var9414	24
var9415	76
var9416	253
var9417	94
var9418	48
var9419	352
var9420	56
var9421	127
var9422	44
var9423	34
var9424	170
var9425	206
var9426	451
var9427	31
var9428	358
var9429	109
var9430	147
var9431	1249
var9432	348
var9433	188
var9434	180
var9435	13
var9436	158
var9437	144
var9438	74
var9439	167
var9440	88
var9441	91
var9442	70
var9443	31
var9444	81
var9445	104
var9446	495
var9447	237
var9448	154
var9449	130
var9450	29
var9451	726
var9452	35
var9453	419
var9454	151
var9455	225
var9456	218
var9457	239
var9458	203
var9459	30
var9460	247
var9461	261
var9462	237
var9463	121
var9464	166
var9465	83
var9466	144
var9467	74
var9468	279
var9469	75
var9470	161
var9471	79
var9472	119
var9473	1540
var9474	65
var9475	23
var9476	331
var9477	144
var9478	43
var9479	95
var9480	160
var9481	83
var9482	119
var9483	37
var9484	313
var9485	15
var9486	170
var9487	108
var9488	61
var9489	39
var9490	36
var9491	130
var9492	319
var9493	136
var9494	134
var9495	21
var9496	57
var9497	446
var9498	184
var9499	70
var9500	32
var9501	399
var9502	41
var9503	241
var9504	157
var9505	80
var9506	84
var9507	507
var9508	138
var9509	55
var9510	255
var9511	237
var9512	307
var9513	70
var9514	251
var9515	105
var9516	679
var9517	747
var9518	401
var9519	56
var9520	347
var9521	893
var9522	79
var9523	196
var9524	232
var9525	893
var9526	208
var9527	88
var9528	148
var9529	38
var9530	523
var9531	106
var9532	113
var9533	43
var9534	501
var9535	71
var9536	23
var9537	296
var9538	64
var9539	95
var9540	205
var9541	39
var9542	409
var9543	48
var9544	32
var9545	1005
var9546	29
var9547	211
var9548	14
var9549	66
var9550	95
var9551	428
var9552	70
var9553	109
var9554	60
var9555	28
var9556	64
var9557	29
var9558	146
var9559	111
var9560	184
var9561	18
var9562	33
var9563	270
var9564	129
var9565	14
var9566	64
var9567	229
var9568	370
var9569	137
var9570	101
var9571	93
var9572	56
var9573	140
var9574	14
var9575	375
var9576	285
var9577	31
var9578	243
var9579	368
var9580	8
var9581	261
var9582	260
var9583	51
var9584	14
var9585	17
var9586	35
var9587	325
var9588	161
var9589	62
var9590	127
var9591	56
var9592	382
var9593	168
var9594	122
var9595	54
var9596	126
var9597	200
var9598	169
var9599	568
var9600	75
var9601	74
var9602	57
var9603	16
var9604	125
var9605	22
var9606	139
var9607	137
var9608	15
var9609	272
var9610	65
var9611	137
var9612	178
var9613	12
var9614	147
var9615	98
var9616	179
var9617	172
var9618	522
var9619	125
var9620	291
var9621	2283
var9622	27
var9623	189
var9624	14
var9625	297
var9626	33
var9627	87
var9628	64
var9629	43
var9630	59
var9631	317
var9632	146
var9633	626
var9634	125
var9635	481
var9636	852
var9637	44
var9638	241
var9639	1037
var9640	167
var9641	376
var9642	410
var9643	20
var9644	28
var9645	477
var9646	159
var9647	888
var9648	54
var9649	133
var9650	41
var9651	67
var9652	141
var9653	73
var9654	85
var9655	21
var9656	121
var9657	29
var9658	241
var9659	31
var9660	150
var9661	120
var9662	37
var9663	594
var9664	19
var9665	113
var9666	19
var9667	24
var9668	20
var9669	121
var9670	118
var9671	168
var9672	36
var9673	94
var9674	70
var9675	264
var9676	122
var9677	85
var9678	17
var9679	152
var9680	159
var9681	292
var9682	106
var9683	745
var9684	86
var9685	144
var9686	127
var9687	13
var9688	158
var9689	52
var9690	56
var9691	142
var9692	53
var9693	134
var9694	120
var9695	45
var9696	29
var9697	259
var9698	118
var9699	46
var9700	209
var9701	379
var9702	67
var9703	351
var9704	115
var9705	284
var9706	1759
var9707	74
var9708	253
var9709	30
var9710	23
var9711	198
var9712	168
var9713	117
var9714	32
var9715	606
var9716	105
var9717	432
var9718	70
var9719	100
var9720	60
var9721	395
var9722	275
var9723	350
var9724	275
var9725	275
var9726	567
var9727	65
var9728	35
var9729	69
var9730	361
var9731	484
var9732	75
var9733	21
var9734	467
var9735	711
var9736	25
var9737	123
var9738	315
var9739	537
var9740	420
var9741	36
var9742	78
var9743	45
var9744	70
var9745	189
var9746	102
var9747	124
var9748	10
var9749	672
var9750	437
var9751	155
var9752	111
var9753	95
var9754	56
var9755	108
var9756	132
var9757	795
var9758	203
var9759	64
var9760	53
var9761	124
var9762	170
var9763	217
var9764	201
var9765	208
var9766	41
var9767	33
var9768	218
var9769	217
var9770	21
var9771	84
var9772	96
var9773	311
var9774	51
var9775	89
var9776	128
var9777	59
var9778	36
var9779	70
var9780	342
var9781	46
var9782	89
var9783	43
var9784	412
var9785	93
var9786	54
var9787	70
var9788	114
var9789	245
var9790	243
var9791	178
var9792	679
var9793	330
var9794	113
var9795	264
var9796	346
var9797	41
var9798	29
var9799	1106
var9800	109
var9801	199
var9802	144
var9803	541
var9804	249
var9805	113
var9806	153
var9807	28
var9808	46
var9809	276
var9810	191
var9811	193
var9812	84
var9813	147
var9814	42
var9815	990
var9816	248
var9817	49
var9818	98
var9819	47
var9820	112
var9821	81
var9822	9
var9823	571
var9824	206
var9825	160
var9826	158
var9827	34
var9828	147
var9829	10
var9830	148
var9831	481
var9832	144
var9833	9
var9834	425
var9835	14
var9836	13
var9837	173
var9838	133
var9839	126
var9840	208
var9841	153
var9842	117
var9843	148
var9844	134
var9845	13
var9846	71
var9847	159
var9848	348
var9849	113
var9850	38
var9851	92
var9852	558
var9853	67
var9854	485
var9855	1007
var9856	46
var9857	137
var9858	34
var9859	183
var9860	56
var9861	74
var9862	74
var9863	132
var9864	344
var9865	67
var9866	448
var9867	238
var9868	302
var9869	148
var9870	280
var9871	55
var9872	51
var9873	33
var9874	53
var9875	74
var9876	458
var9877	363
var9878	42
var9879	23
var9880	45
var9881	150
var9882	348
var9883	27
var9884	64
var9885	435
var9886	140
var9887	16
var9888	13
var9889	124
var9890	87
var9891	8
var9892	303
var9893	87
var9894	119
var9895	65
var9896	40
var9897	17
var9898	159
var9899	109
var9900	64
var9901	36
var9902	19
var9903	155
var9904	55
var9905	57
var9906	192
var9907	248
var9908	115
var9909	53
var9910	8
var9911	18
var9912	165
var9913	41
var9914	196
var9915	69
var9916	33
var9917	32
var9918	331
var9919	77
var9920	27
var9921	620
var9922	141
var9923	135
var9924	18
var9925	200
var9926	63
var9927	191
var9928	50
var9929	252
var9930	346
var9931	18
var9932	204
var9933	199
var9934	11
var9935	168
var9936	339
var9937	267
var9938	123
var9939	249
var9940	177
var9941	821
var9942	25
var9943	12
var9944	336
var9945	178
var9946	37
var9947	72
var9948	765
var9949	37
var9950	2073
var9951	139
var9952	16
var9953	27
var9954	155
var9955	122
var9956	562
var9957	256
var9958	200
var9959	59
var9960	92
var9961	68
var9962	121
var9963	49
var9964	307
var9965	34
var9966	53
var9967	44
var9968	32
var9969	378
var9970	79
var9971	384
var9972	293
var9973	51
var9974	472
var9975	86
var9976	169
var9977	240
var9978	12
var9979	23
var9980	228
var9981	151
var9982	107
var9983	124
var9984	29
var9985	167
var9986	641
var9987	65
var9988	80
var9989	199
var9990	81
var9991	226
var9992	176
var9993	432
var9994	12
var9995	529
var9996	90
var9997	426
var9998	156
var9999	35
